 4.35541535226078e+001   -2.89169295478444e+001
 4.38801261829653e+001   -2.82754994742376e+001
 4.39327024185068e+001   -2.75394321766562e+001
 4.37960042060988e+001   -2.67823343848580e+001
 4.36593059936909e+001   -2.60462670872766e+001
 4.37013669821241e+001   -2.53207150368034e+001
 4.39327024185068e+001   -2.46161934805468e+001
 4.41850683491062e+001   -2.39011566771819e+001
 4.43322818086225e+001   -2.31650893796004e+001
 4.44269190325973e+001   -2.24079915878023e+001
 4.46056782334385e+001   -2.16824395373291e+001
 4.49526813880126e+001   -2.10410094637224e+001
 4.54574132492114e+001   -2.04837013669821e+001
 4.60462670872766e+001   -1.99894847528917e+001
 4.66351209253417e+001   -1.94952681388013e+001
 4.71293375394322e+001   -1.89274447949527e+001
 4.74342797055731e+001   -1.82544689800210e+001
 4.74973711882229e+001   -1.75078864353312e+001
 4.72975814931651e+001   -1.67718191377497e+001
 4.68664563617245e+001   -1.61514195583596e+001
 4.63512092534175e+001   -1.56046267087277e+001
 4.57939011566772e+001   -1.50998948475289e+001
 4.52471083070452e+001   -1.45846477392219e+001
 4.47003154574132e+001   -1.40694006309148e+001
 4.41324921135647e+001   -1.35436382754995e+001
 4.36172450052576e+001   -1.29758149316509e+001
 4.32807570977918e+001   -1.23238696109359e+001
 4.32176656151420e+001   -1.16088328075710e+001
 4.33964248159832e+001   -1.08727655099895e+001
 4.37013669821241e+001   -1.01682439537329e+001
 4.40378548895899e+001   -9.49526813880127e+000
 4.43638275499474e+001   -8.82229232386961e+000
 4.46792849631966e+001   -8.12828601472135e+000
 4.50052576235542e+001   -7.44479495268139e+000
 4.53101997896951e+001   -6.75078864353312e+000
 4.55520504731861e+001   -6.02523659305994e+000
 4.56256572029443e+001   -5.27865404837014e+000
 4.54994742376446e+001   -4.54258675078864e+000
 4.52576235541535e+001   -3.82754994742376e+000
 4.50368033648791e+001   -3.10199789695058e+000
 4.49842271293375e+001   -2.36593059936909e+000
 4.50998948475289e+001   -1.62986330178759e+000
 4.52996845425867e+001   -8.93796004206095e-001
 4.54784437434280e+001   -1.57728706624603e-001
 4.55520504731861e+001    5.99369085173500e-001
 4.54994742376446e+001    1.35646687697162e+000
 4.54048370136698e+001    2.10304942166140e+000
 4.52786540483701e+001    2.87066246056782e+000
 4.50683491062040e+001    3.60672975814931e+000
 4.46792849631966e+001    4.23764458464774e+000
 4.41114616193481e+001    4.68980021030495e+000
 4.34069400630915e+001    4.95268138801262e+000
 4.26603575184017e+001    5.14195583596214e+000
 4.19453207150368e+001    5.39432176656152e+000
 4.13038906414301e+001    5.80441640378550e+000
 4.08201892744479e+001    6.36172450052575e+000
 4.05783385909569e+001    7.04521556256572e+000
 4.05678233438486e+001    7.79179810725553e+000
 4.06624605678233e+001    8.54889589905363e+000
 4.06729758149317e+001    9.29547844374343e+000
 4.04942166140904e+001    1.00000000000000e+001
 4.01472134595163e+001    1.06729758149317e+001
 3.97581493165089e+001    1.13249211356467e+001
 3.94216614090431e+001    1.19978969505783e+001
 3.92008412197687e+001    1.27234490010515e+001
 3.91167192429022e+001    1.34805467928496e+001
 3.91482649842271e+001    1.42376445846477e+001
 3.92113564668770e+001    1.49842271293375e+001
 3.92744479495268e+001    1.57413249211356e+001
 3.93165089379600e+001    1.64984227129338e+001
 3.93690851735016e+001    1.72555205047319e+001
 3.94111461619348e+001    1.80021030494217e+001
 3.94006309148265e+001    1.87592008412198e+001
 3.92954784437434e+001    1.95057833859096e+001
 3.90956887486856e+001    2.02313354363828e+001
 3.88012618296530e+001    2.09253417455310e+001
 3.84647739221872e+001    2.15983175604627e+001
 3.80862250262881e+001    2.22607781282860e+001
 3.76761303890641e+001    2.28916929547844e+001
 3.72029442691903e+001    2.34805467928496e+001
 3.66561514195584e+001    2.40063091482650e+001
 3.60672975814932e+001    2.44794952681388e+001
 3.54784437434280e+001    2.49737118822292e+001
 3.49631966351209e+001    2.55205047318612e+001
 3.45741324921136e+001    2.61514195583596e+001
 3.43112513144059e+001    2.68559411146162e+001
 3.41114616193480e+001    2.76025236593060e+001
 3.38696109358570e+001    2.83385909568875e+001
 3.34805467928496e+001    2.89589905362776e+001
 3.29127234490010e+001    2.94111461619348e+001
 3.22187171398528e+001    2.96950578338591e+001
 3.14721345951630e+001    2.98843322818086e+001
 3.07150368033649e+001    3.00525762355415e+001
 3.00210304942166e+001    3.03259726603575e+001
 2.94532071503680e+001    3.07886435331230e+001
 2.90010515247108e+001    3.13880126182965e+001
 2.85699263932702e+001    3.20084121976866e+001
 2.81072555205047e+001    3.26077812828602e+001
 2.76130389064143e+001    3.31861198738170e+001
 2.71083070452156e+001    3.37539432176656e+001
 2.66561514195584e+001    3.43638275499474e+001
 2.62881177707676e+001    3.50157728706625e+001
 2.60357518401682e+001    3.57202944269190e+001
 2.58780231335436e+001    3.64668769716088e+001
 2.57518401682440e+001    3.72239747634069e+001
 2.55730809674027e+001    3.79600420609884e+001
 2.53101997896951e+001    3.86645636172450e+001
 2.50052576235542e+001    3.93585699263933e+001
 2.47528916929548e+001    4.00736067297581e+001
 2.46687697160883e+001    4.07991587802313e+001
 2.48054679284963e+001    4.15247108307045e+001
 2.50788643533123e+001    4.22397476340694e+001
 2.53522607781283e+001    4.29547844374343e+001
 2.54679284963197e+001    4.36908517350158e+001
 2.53627760252366e+001    4.44269190325973e+001
 2.50578338590957e+001    4.51104100946372e+001
 2.46056782334385e+001    4.57202944269190e+001
 2.40588853838065e+001    4.62460567823344e+001
 2.34595162986330e+001    4.67087276550999e+001
 2.28286014721346e+001    4.71293375394322e+001
 2.21766561514196e+001    4.75499474237645e+001
 2.15036803364879e+001    4.79284963196635e+001
 2.07886435331230e+001    4.81703470031546e+001
 2.00525762355415e+001    4.81808622502629e+001
 1.93585699263933e+001    4.79390115667718e+001
 1.87486855941115e+001    4.74973711882229e+001
 1.82229232386961e+001    4.69400630914827e+001
 1.77497371188223e+001    4.63406940063092e+001
 1.73080967402734e+001    4.57202944269190e+001
 1.69190325972660e+001    4.50683491062040e+001
 1.66035751840168e+001    4.43848580441640e+001
 1.64037854889590e+001    4.36487907465825e+001
 1.63091482649842e+001    4.28916929547844e+001
 1.62670872765510e+001    4.21345951629863e+001
 1.61724500525762e+001    4.13774973711882e+001
 1.59516298633018e+001    4.06624605678233e+001
 1.55625657202944e+001    4.00315457413249e+001
 1.50157728706625e+001    3.95057833859096e+001
 1.43638275499474e+001    3.90956887486856e+001
 1.36803364879075e+001    3.87697160883281e+001
 1.29863301787592e+001    3.84752891692955e+001
 1.22712933753943e+001    3.82124079915878e+001
 1.15352260778128e+001    3.80126182965300e+001
 1.07886435331230e+001    3.78759200841220e+001
 1.00420609884332e+001    3.77812828601472e+001
 9.29547844374343e+000    3.76971608832808e+001
 8.54889589905363e+000    3.76025236593060e+001
 7.80231335436383e+000    3.74763406940063e+001
 7.06624605678234e+000    3.73501577287066e+001
 6.31966351209253e+000    3.72029442691903e+001
 5.58359621451104e+000    3.70347003154574e+001
 4.84752891692955e+000    3.68454258675079e+001
 4.12197686645636e+000    3.66140904311251e+001
 3.40694006309148e+000    3.63406940063092e+001
 2.71293375394322e+000    3.60672975814932e+001
 1.99789695057834e+000    3.58464773922187e+001
 1.25131440588854e+000    3.57202944269190e+001
 4.94216614090433e-001    3.56992639327024e+001
-2.62881177707676e-001    3.57623554153523e+001
-1.00946372239747e+000    3.58885383806519e+001
-1.75604626708727e+000    3.60042060988433e+001
-2.51314405888539e+000    3.60252365930599e+001
-3.25972660357518e+000    3.59411146161935e+001
-4.00630914826499e+000    3.58044164037855e+001
-4.76340694006309e+000    3.57202944269190e+001
-5.52050473186121e+000    3.57518401682439e+001
-6.25657202944269e+000    3.59200841219769e+001
-6.96109358569927e+000    3.61934805467929e+001
-7.65509989484752e+000    3.64984227129338e+001
-8.34910620399579e+000    3.67928496319663e+001
-9.05362776025237e+000    3.70662460567823e+001
-9.76866456361725e+000    3.73080967402734e+001
-1.04837013669821e+001    3.75499474237645e+001
-1.11987381703470e+001    3.77917981072555e+001
-1.19242902208202e+001    3.80441640378549e+001
-1.26288117770768e+001    3.83175604626709e+001
-1.33333333333333e+001    3.85804416403786e+001
-1.40694006309148e+001    3.87802313354364e+001
-1.48264984227129e+001    3.88328075709779e+001
-1.55730809674027e+001    3.87171398527865e+001
-1.62776025236593e+001    3.84542586750789e+001
-1.69505783385910e+001    3.81282860147213e+001
-1.76445846477392e+001    3.78338590956888e+001
-1.83701366982124e+001    3.76025236593060e+001
-1.91062039957939e+001    3.74132492113565e+001
-1.98317560462671e+001    3.71924290220820e+001
-2.05152471083070e+001    3.68769716088328e+001
-2.11566771819138e+001    3.64879074658254e+001
-2.17875920084122e+001    3.60672975814932e+001
-2.24500525762355e+001    3.57097791798107e+001
-2.31440588853838e+001    3.54258675078864e+001
-2.38590956887487e+001    3.51840168243954e+001
-2.45636172450053e+001    3.49211356466877e+001
-2.52576235541535e+001    3.46267087276551e+001
-2.59516298633018e+001    3.43112513144059e+001
-2.66456361724501e+001    3.39957939011567e+001
-2.73501577287066e+001    3.37118822292324e+001
-2.80546792849632e+001    3.34279705573081e+001
-2.87171398527865e+001    3.30599369085173e+001
-2.92323869610936e+001    3.25446898002103e+001
-2.95373291272345e+001    3.18822292323870e+001
-2.97160883280757e+001    3.11461619348055e+001
-2.99158780231335e+001    3.04100946372240e+001
-3.02313354363828e+001    2.97266035751840e+001
-3.06940063091483e+001    2.91587802313354e+001
-3.12933753943218e+001    2.87171398527865e+001
-3.19768664563617e+001    2.83911671924290e+001
-3.27024185068349e+001    2.81282860147213e+001
-3.34384858044164e+001    2.78759200841220e+001
-3.41430073606730e+001    2.75394321766561e+001
-3.47108307045216e+001    2.70557308096740e+001
-3.49947423764458e+001    2.64143007360673e+001
-3.49106203995794e+001    2.57202944269190e+001
-3.45531019978970e+001    2.50368033648791e+001
-3.41535226077813e+001    2.43427970557308e+001
-3.40378548895899e+001    2.36698212407992e+001
-3.43533123028391e+001    2.31440588853838e+001
-3.49842271293375e+001    2.28180862250263e+001
-3.57308096740273e+001    2.25972660357518e+001
-3.64879074658254e+001    2.23974763406940e+001
-3.72134595162986e+001    2.21661409043112e+001
-3.79179810725552e+001    2.18927444794953e+001
-3.86119873817035e+001    2.15878023133544e+001
-3.92849631966351e+001    2.12407991587802e+001
-3.99053627760252e+001    2.07991587802313e+001
-4.03995793901157e+001    2.02418506834911e+001
-4.07465825446898e+001    1.95899053627760e+001
-4.09674027339642e+001    1.88643533123028e+001
-4.11146161934805e+001    1.81177707676130e+001
-4.12723449001052e+001    1.73711882229232e+001
-4.15457413249211e+001    1.66666666666667e+001
-4.19768664563617e+001    1.60567823343848e+001
-4.25236593059937e+001    1.55415352260778e+001
-4.31019978969506e+001    1.50578338590957e+001
-4.36067297581493e+001    1.45005257623554e+001
-4.39957939011567e+001    1.38590956887487e+001
-4.42586750788644e+001    1.31440588853838e+001
-4.44164037854890e+001    1.24079915878023e+001
-4.44374342797056e+001    1.16508937960042e+001
-4.42797055730810e+001    1.09253417455310e+001
-4.39432176656152e+001    1.02418506834911e+001
-4.35646687697161e+001    9.55835962145110e+000
-4.33123028391167e+001    8.84332281808622e+000
-4.33438485804416e+001    8.12828601472134e+000
-4.37013669821241e+001    7.52891692954785e+000
-4.43112513144059e+001    7.13985278654049e+000
-4.50473186119874e+001    6.97160883280756e+000
-4.58044164037855e+001    6.94006309148264e+000
-4.65720294426919e+001    6.94006309148264e+000
-4.73711882229232e+001    6.89800210304942e+000
-4.81177707676130e+001    6.69821240799159e+000
-4.85594111461619e+001    6.25657202944269e+000
-4.85804416403786e+001    5.63617245005258e+000
-4.82544689800210e+001    4.98422712933754e+000
-4.77812828601472e+001    4.35331230283911e+000
-4.72765509989485e+001    3.76445846477392e+000
-4.67718191377497e+001    3.19663512092534e+000
-4.62776025236593e+001    2.60778128286015e+000
-4.58464773922187e+001    1.96635120925342e+000
-4.56361724500526e+001    1.28286014721346e+000
-4.57202944269190e+001    5.67823343848573e-001
-4.59831756046267e+001   -1.36698212407985e-001
-4.62776025236593e+001   -8.41219768664558e-001
-4.65404837013670e+001   -1.55625657202945e+000
-4.68243953732913e+001   -2.27129337539432e+000
-4.71819137749737e+001   -2.93375394321767e+000
-4.76025236593060e+001   -3.54363827549948e+000
-4.80757097791798e+001   -4.13249211356467e+000
-4.85699263932702e+001   -4.70031545741325e+000
-4.90851735015773e+001   -5.25762355415353e+000
-4.96109358569926e+001   -5.80441640378549e+000
-5.01472134595163e+001   -6.33017875920084e+000
-5.06834910620400e+001   -6.86645636172450e+000
-5.12092534174553e+001   -7.41324921135647e+000
-5.17139852786541e+001   -7.97055730809674e+000
-5.22082018927445e+001   -8.53838065194532e+000
-5.26498422712934e+001   -9.14826498422713e+000
-5.30389064143007e+001   -9.80021030494217e+000
-5.33648790746582e+001   -1.04837013669821e+001
-5.36698212407992e+001   -1.11777076761304e+001
-5.39747634069401e+001   -1.18717139852787e+001
-5.43007360672976e+001   -1.25552050473186e+001
-5.46161934805468e+001   -1.32386961093586e+001
-5.49106203995794e+001   -1.39432176656151e+001
-5.51629863301788e+001   -1.46582544689800e+001
-5.53627760252366e+001   -1.53838065194532e+001
-5.55099894847529e+001   -1.61198738170347e+001
-5.56256572029443e+001   -1.68664563617245e+001
-5.56992639327024e+001   -1.76130389064143e+001
-5.57202944269190e+001   -1.83701366982124e+001
-5.56992639327024e+001   -1.91272344900105e+001
-5.56782334384858e+001   -1.98843322818086e+001
-5.57202944269190e+001   -2.06414300736067e+001
-5.58464773922187e+001   -2.13880126182965e+001
-5.60147213459516e+001   -2.21345951629863e+001
-5.61303890641430e+001   -2.29022082018927e+001
-5.60462670872765e+001   -2.36593059936909e+001
-5.56677181913775e+001   -2.42481598317560e+001
-5.50368033648791e+001   -2.45110410094637e+001
-5.43112513144059e+001   -2.44794952681388e+001
-5.35751840168244e+001   -2.42586750788644e+001
-5.28706624605678e+001   -2.39432176656151e+001
-5.21976866456362e+001   -2.35962145110410e+001
-5.15247108307045e+001   -2.32386961093586e+001
-5.08622502628812e+001   -2.28811777076761e+001
-5.01787592008412e+001   -2.25446898002103e+001
-4.94742376445846e+001   -2.22607781282860e+001
-4.87381703470032e+001   -2.20715036803365e+001
-4.79810725552050e+001   -2.19873817034700e+001
-4.72239747634069e+001   -2.20084121976866e+001
-4.64773922187171e+001   -2.21451104100946e+001
-4.57623554153523e+001   -2.24079915878023e+001
-4.50893796004206e+001   -2.27549947423764e+001
-4.44479495268139e+001   -2.31650893796004e+001
-4.38275499474238e+001   -2.36067297581493e+001
-4.32176656151420e+001   -2.40483701366982e+001
-4.25867507886435e+001   -2.44689800210305e+001
-4.19453207150368e+001   -2.48790746582545e+001
-4.12933753943218e+001   -2.52576235541535e+001
-4.06309148264984e+001   -2.56361724500526e+001
-4.00000000000000e+001   -2.60462670872766e+001
-3.94006309148265e+001   -2.65089379600421e+001
-3.88328075709779e+001   -2.70031545741325e+001
-3.82649842271293e+001   -2.74973711882229e+001
-3.76656151419558e+001   -2.79705573080967e+001
-3.70347003154574e+001   -2.83911671924290e+001
-3.63722397476341e+001   -2.87592008412198e+001
-3.56782334384858e+001   -2.90536277602524e+001
-3.49421661409043e+001   -2.91903259726604e+001
-3.41955835962145e+001   -2.91587802313354e+001
-3.34490010515247e+001   -2.90010515247108e+001
-3.27024185068349e+001   -2.88433228180862e+001
-3.19558359621451e+001   -2.87802313354364e+001
-3.12092534174553e+001   -2.88643533123028e+001
-3.05047318611987e+001   -2.91062039957939e+001
-2.98527865404837e+001   -2.94742376445846e+001
-2.92113564668770e+001   -2.98948475289169e+001
-2.86750788643533e+001   -3.02208201892744e+001
-2.85383806519453e+001   -3.02523659305994e+001
-2.80021030494217e+001   -2.98633017875920e+001
-2.75499474237645e+001   -2.92639327024185e+001
-2.71398527865405e+001   -2.86119873817035e+001
-2.66666666666667e+001   -2.80231335436383e+001
-2.60778128286015e+001   -2.75604626708728e+001
-2.54153522607781e+001   -2.71924290220820e+001
-2.47423764458465e+001   -2.68033648790747e+001
-2.40799158780231e+001   -2.64248159831756e+001
-2.33964248159832e+001   -2.61409043112513e+001
-2.26393270241851e+001   -2.61093585699264e+001
-2.25867507886435e+001   -2.73606729758149e+001
-2.22712933753943e+001   -2.66666666666667e+001
-2.29337539432177e+001   -2.80336487907466e+001
-2.32176656151420e+001   -2.87276550998948e+001
-2.33859095688749e+001   -2.94637223974763e+001
-2.34700315457413e+001   -3.02208201892744e+001
-2.35226077812829e+001   -3.09779179810726e+001
-2.35331230283912e+001   -3.17350157728707e+001
-2.34910620399579e+001   -3.24921135646688e+001
-2.33333333333333e+001   -3.32281808622503e+001
-2.30389064143007e+001   -3.39221871713985e+001
-2.26393270241851e+001   -3.45636172450053e+001
-2.21661409043112e+001   -3.51419558359622e+001
-2.15983175604627e+001   -3.56466876971609e+001
-2.09674027339642e+001   -3.60883280757098e+001
-2.02944269190326e+001   -3.64773922187171e+001
-1.95793901156677e+001   -3.67823343848580e+001
-1.88643533123028e+001   -3.69190325972660e+001
-1.82649842271293e+001   -3.67402733964248e+001
-1.79284963196635e+001   -3.62039957939012e+001
-1.78864353312303e+001   -3.54363827549947e+001
-1.80021030494217e+001   -3.46372239747634e+001
-1.80757097791798e+001   -3.38696109358570e+001
-1.80021030494217e+001   -3.31230283911672e+001
-1.77497371188223e+001   -3.24290220820189e+001
-1.72975814931651e+001   -3.18401682439537e+001
-1.66876971608833e+001   -3.13880126182965e+001
-1.59936908517350e+001   -3.10620399579390e+001
-1.52681388012618e+001   -3.08307045215563e+001
-1.45215562565720e+001   -3.07255520504732e+001
-1.37749737118822e+001   -3.07991587802313e+001
-1.30704521556257e+001   -3.10620399579390e+001
-1.24079915878023e+001   -3.14511041009464e+001
-1.17770767613039e+001   -3.18822292323870e+001
-1.11461619348055e+001   -3.23028391167192e+001
-1.05047318611987e+001   -3.26919032597266e+001
-9.83175604626709e+000   -3.30178759200841e+001
-9.11671924290221e+000   -3.32702418506835e+001
-8.39116719242902e+000   -3.35120925341746e+001
-7.70767613038906e+000   -3.38275499474238e+001
-7.12933753943217e+000   -3.42797055730810e+001
-6.69821240799159e+000   -3.48895899053628e+001
-6.40378548895899e+000   -3.55941114616193e+001
-6.16193480546794e+000   -3.63196635120925e+001
-5.85699263932702e+000   -3.70136698212408e+001
-5.43638275499474e+000   -3.76235541535226e+001
-4.87907465825447e+000   -3.81388012618297e+001
-4.24815983175604e+000   -3.85488958990536e+001
-3.55415352260778e+000   -3.88538380651945e+001
-2.83911671924290e+000   -3.90746582544690e+001
-2.09253417455311e+000   -3.91798107255520e+001
-1.33543638275499e+000   -3.91482649842271e+001
-5.99369085173500e-001   -3.89695057833859e+001
 7.36067297581471e-002   -3.86435331230284e+001
 6.51945320715036e-001   -3.81703470031546e+001
 1.12513144058886e+000   -3.75814931650894e+001
 1.55625657202945e+000   -3.69505783385910e+001
 2.05047318611987e+000   -3.63932702418507e+001
 2.64984227129337e+000   -3.59621451104101e+001
 3.35436382754995e+000   -3.56992639327024e+001
 4.10094637223975e+000   -3.55520504731861e+001
 4.84752891692955e+000   -3.54468980021031e+001
 5.59411146161935e+000   -3.53627760252366e+001
 6.34069400630915e+000   -3.52365930599369e+001
 7.06624605678234e+000   -3.50368033648791e+001
 7.76025236593060e+000   -3.47423764458465e+001
 8.43322818086225e+000   -3.43848580441640e+001
 9.10620399579390e+000   -3.40378548895899e+001
 9.78969505783385e+000   -3.37223974763407e+001
 1.05047318611987e+001   -3.34700315457413e+001
 1.12407991587802e+001   -3.32807570977918e+001
 1.19873817034700e+001   -3.31650893796004e+001
 1.27339642481598e+001   -3.30914826498423e+001
 1.34910620399579e+001   -3.30704521556257e+001
 1.42481598317560e+001   -3.30914826498423e+001
 1.50052576235542e+001   -3.31545741324921e+001
 1.57413249211357e+001   -3.33017875920084e+001
 1.64668769716088e+001   -3.35331230283912e+001
 1.71608832807571e+001   -3.38590956887487e+001
 1.78128286014721e+001   -3.42481598317560e+001
 1.91482649842271e+001   -3.49842271293375e+001
 1.98633017875920e+001   -3.51104100946372e+001
 2.05678233438486e+001   -3.49526813880126e+001
 2.11987381703470e+001   -3.45425867507886e+001
 2.24079915878023e+001   -3.37013669821241e+001
 2.31230283911672e+001   -3.36698212407992e+001
 2.38485804416404e+001   -3.39011566771819e+001
 2.45320715036803e+001   -3.42691903259727e+001
 2.51735015772871e+001   -3.46582544689800e+001
 2.58359621451104e+001   -3.50052576235542e+001
 2.65509989484753e+001   -3.52471083070452e+001
 2.72975814931651e+001   -3.53522607781283e+001
 2.80546792849632e+001   -3.53417455310200e+001
 2.88012618296530e+001   -3.52260778128286e+001
 2.95268138801262e+001   -3.50157728706625e+001
 3.02103049421661e+001   -3.47108307045216e+001
 3.08727655099895e+001   -3.43638275499474e+001
 3.15562565720294e+001   -3.40483701366982e+001
 3.22818086225026e+001   -3.38380651945321e+001
 3.30283911671924e+001   -3.37644584647739e+001
 3.37854889589905e+001   -3.37960042060988e+001
 3.45425867507886e+001   -3.38590956887487e+001
 3.52996845425867e+001   -3.39327024185068e+001
 3.60462670872765e+001   -3.39957939011567e+001
 3.68033648790747e+001   -3.40168243953733e+001
 3.75814931650894e+001   -3.39852786540484e+001
 3.83385909568875e+001   -3.38906414300736e+001
 3.90325972660358e+001   -3.36698212407992e+001
 3.95899053627760e+001   -3.32386961093586e+001
 3.99684542586751e+001   -3.25972660357518e+001
 4.02418506834911e+001   -3.18717139852787e+001
 4.05993690851735e+001   -3.12092534174553e+001
 4.10935856992639e+001   -3.06624605678233e+001
 4.17034700315457e+001   -3.02208201892744e+001
 4.23764458464774e+001   -2.98317560462671e+001
 4.35541535226078e+001   -2.89169295478444e+001
 