 2.20504731861199e+001    5.96214511041009e+000
 2.19558359621451e+001    6.81388012618297e+000
 2.11987381703470e+001    7.38170347003154e+000
 2.01577287066246e+001    7.57097791798108e+000
 1.93059936908517e+001    7.38170347003154e+000
 1.81703470031546e+001    7.09779179810725e+000
 1.80967402733964e+001    7.03470031545741e+000
 1.74132492113565e+001    6.71924290220819e+000
 1.72765509989485e+001    6.77181913774973e+000
 1.65615141955836e+001    6.52996845425868e+000
 1.44794952681388e+001    3.97476340694006e+000
 1.45951629863302e+001    3.22818086225026e+000
 1.45741324921136e+001    2.55520504731861e+000
 1.48580441640379e+001    1.32492113564669e+000
 1.52365930599369e+001    6.62460567823338e-001
 1.58990536277603e+001    1.89274447949529e-001
 1.65615141955836e+001   -9.46372239747646e-002
 1.75078864353312e+001   -2.83911671924287e-001
 1.82649842271293e+001   -1.89274447949529e-001
 1.91167192429022e+001    3.78548895899051e-001
 1.96845425867508e+001    7.57097791798103e-001
 2.05362776025237e+001    1.89274447949527e+000
 2.10094637223975e+001    2.46056782334384e+000
 2.14826498422713e+001    3.21766561514196e+000
 2.18611987381703e+001    4.06940063091483e+000
 2.21451104100946e+001    5.11041009463722e+000
 2.20504731861199e+001    5.96214511041009e+000
 