 2.66035751840168e+000    7.54994742376445e+000
 2.06098843322818e+000    7.08727655099895e+000
 1.45110410094637e+000    6.63512092534175e+000
 8.41219768664558e-001    6.18296529968454e+000
 2.83911671924287e-001    5.67823343848580e+000
-1.68243953732919e-001    5.07886435331230e+000
-5.57308096740279e-001    4.43743427970557e+000
-1.04100946372239e+000    3.90115667718191e+000
-1.67192429022082e+000    3.48054679284963e+000
-2.27129337539432e+000    3.01787592008412e+000
-2.56572029442692e+000    2.41850683491062e+000
-2.45005257623554e+000    1.76656151419559e+000
-2.00841219768664e+000    1.17770767613039e+000
-1.37749737118823e+000    7.25552050473183e-001
-6.62460567823338e-001    4.94216614090433e-001
 8.41219768664558e-002    4.83701366982125e-001
 8.20189274447948e-001    6.51945320715043e-001
 1.53522607781283e+000    9.14826498422705e-001
 2.23974763406940e+000    1.20925341745531e+000
 2.94426919032597e+000    1.48264984227130e+000
 3.65930599369085e+000    1.72450052576235e+000
 4.38485804416403e+000    1.96635120925342e+000
 5.08937960042061e+000    2.25026288117771e+000
 5.72029442691903e+000    2.63932702418507e+000
 6.25657202944269e+000    3.15457413249211e+000
 6.70872765509989e+000    3.76445846477392e+000
 7.13985278654049e+000    4.39537329127235e+000
 7.57097791798108e+000    5.03680336487908e+000
 8.02313354363827e+000    5.65720294426919e+000
 8.58044164037855e+000    6.15141955835962e+000
 9.23238696109358e+000    6.40378548895899e+000
 9.96845425867507e+000    6.44584647739222e+000
 1.07255520504732e+001    6.38275499474238e+000
 1.14931650893796e+001    6.34069400630915e+000
 1.22712933753943e+001    6.37223974763407e+000
 1.29863301787592e+001    6.27760252365931e+000
 1.28391167192429e+001    9.03259726603575e+000
 1.21976866456362e+001    9.44269190325973e+000
 1.15036803364879e+001    9.77917981072555e+000
 1.07886435331230e+001    1.00525762355415e+001
 1.00525762355415e+001    1.02418506834911e+001
 9.34805467928496e+000    1.02418506834911e+001
 8.72765509989485e+000    9.94742376445846e+000
 8.17034700315457e+000    9.44269190325973e+000
 7.59200841219769e+000    8.99053627760252e+000
 6.89800210304942e+000    8.78023133543638e+000
 6.13038906414301e+000    8.75920084121977e+000
 5.36277602523659e+000    8.75920084121977e+000
 4.61619348054680e+000    8.65404837013671e+000
 3.91167192429022e+000    8.40168243953734e+000
 3.25972660357518e+000    8.01261829652998e+000
 2.66035751840168e+000    7.54994742376445e+000
 