 5.54994742376446e+001   -4.64458464773922e+001
 5.60462670872766e+001   -4.69821240799159e+001
 5.65825446898002e+001   -4.75289169295478e+001
 5.71608832807571e+001   -4.80126182965300e+001
 5.78128286014721e+001   -4.83070452155626e+001
 5.92323869610936e+001   -4.79284963196635e+001
 5.97055730809674e+001   -4.73922187171399e+001
 5.93585699263933e+001   -4.62776025236593e+001
 5.86645636172450e+001   -4.58885383806519e+001
 5.79600420609884e+001   -4.55205047318612e+001
 5.63301787592008e+001   -4.39852786540484e+001
 5.59621451104101e+001   -4.33123028391167e+001
 5.56887486855941e+001   -4.25972660357518e+001
 5.55205047318612e+001   -4.18506834910620e+001
 5.57623554153523e+001   -4.04416403785489e+001
 5.55205047318612e+001   -4.11146161934805e+001
 5.62355415352261e+001   -3.98633017875920e+001
 5.67928496319663e+001   -3.93585699263933e+001
 5.73080967402734e+001   -3.88117770767613e+001
 5.77287066246057e+001   -3.81808622502629e+001
 5.81388012618297e+001   -3.75499474237645e+001
 5.86540483701367e+001   -3.70031545741325e+001
 5.92534174553102e+001   -3.65194532071504e+001
 5.97686645636172e+001   -3.60147213459516e+001
 6.00105152471083e+001   -3.53943217665615e+001
 5.99158780231335e+001   -3.46792849631966e+001
 5.96424815983176e+001   -3.39432176656151e+001
 5.93585699263933e+001   -3.32281808622503e+001
 5.90956887486856e+001   -3.25131440588854e+001
 5.88328075709779e+001   -3.18086225026288e+001
 5.85383806519453e+001   -3.11146161934805e+001
 5.83280757097792e+001   -3.03995793901157e+001
 5.84227129337539e+001   -2.96214511041009e+001
 5.84963196635121e+001   -2.88538380651945e+001
 5.82754994742376e+001   -2.82439537329127e+001
 5.77287066246057e+001   -2.78864353312303e+001
 5.70031545741325e+001   -2.76971608832808e+001
 5.62355415352261e+001   -2.75289169295478e+001
 5.55099894847529e+001   -2.72765509989485e+001
 5.48790746582545e+001   -2.68769716088328e+001
 5.44058885383807e+001   -2.63196635120925e+001
 5.40799158780231e+001   -2.56466876971609e+001
 5.38590956887487e+001   -2.49211356466877e+001
 5.36382754994742e+001   -2.41955835962145e+001
 5.33438485804416e+001   -2.34700315457413e+001
 5.30809674027340e+001   -2.27234490010515e+001
 5.30809674027340e+001   -2.20399579390116e+001
 5.34805467928496e+001   -2.15667718191377e+001
 5.41745531019979e+001   -2.13354363827550e+001
 5.49106203995794e+001   -2.11356466876972e+001
 5.54258675078864e+001   -2.07150368033649e+001
 5.56466876971609e+001   -2.00736067297581e+001
 5.56992639327024e+001   -1.93270241850684e+001
 5.57308096740273e+001   -1.85594111461619e+001
 5.58149316508938e+001   -1.77917981072555e+001
 5.58990536277603e+001   -1.70452155625657e+001
 5.59516298633018e+001   -1.62881177707676e+001
 5.59831756046267e+001   -1.55310199789695e+001
 5.60252365930599e+001   -1.47634069400631e+001
 5.60252365930599e+001   -1.39957939011567e+001
 5.58990536277603e+001   -1.32492113564669e+001
 5.55625657202944e+001   -1.25867507886435e+001
 5.50052576235542e+001   -1.21345951629863e+001
 5.43007360672976e+001   -1.19558359621451e+001
 5.35436382754995e+001   -1.19873817034700e+001
 5.27760252365931e+001   -1.20504731861199e+001
 5.20189274447950e+001   -1.20294426919033e+001
 5.12933753943218e+001   -1.18506834910620e+001
 5.06098843322818e+001   -1.15352260778128e+001
 4.99684542586751e+001   -1.11356466876972e+001
 4.93480546792850e+001   -1.07045215562566e+001
 4.87276550998948e+001   -1.02628811777077e+001
 4.81282860147213e+001   -9.77917981072555e+000
 4.76235541535226e+001   -9.20084121976866e+000
 4.73291272344900e+001   -8.53838065194532e+000
 4.73080967402734e+001   -7.82334384858044e+000
 4.75289169295478e+001   -7.10830704521556e+000
 4.78548895899054e+001   -6.39327024185069e+000
 4.81177707676130e+001   -5.67823343848580e+000
 4.81913774973712e+001   -4.95268138801262e+000
 4.80546792849632e+001   -4.21661409043113e+000
 4.78023133543638e+001   -3.50157728706625e+000
 4.75709779179811e+001   -2.78654048370137e+000
 4.74868559411146e+001   -2.05047318611987e+000
 4.75814931650894e+001   -1.31440588853838e+000
 4.78233438485804e+001   -5.88853838065191e-001
 4.80757097791798e+001    1.36698212407993e-001
 4.81703470031546e+001    8.62250262881176e-001
 4.80441640378549e+001    1.58780231335436e+000
 4.78023133543638e+001    2.30283911671924e+000
 4.75604626708728e+001    3.01787592008412e+000
 4.73501577287066e+001    3.75394321766562e+000
 4.71503680336488e+001    4.49001051524711e+000
 4.69085173501577e+001    5.20504731861197e+000
 4.65930599369085e+001    5.88853838065194e+000
 4.62776025236593e+001    6.58254468980020e+000
 4.60883280757098e+001    7.29758149316508e+000
 4.60778128286015e+001    8.04416403785490e+000
 4.61409043112513e+001    8.80126182965300e+000
 4.60567823343849e+001    9.54784437434280e+000
 4.57308096740273e+001    1.02103049421661e+001
 4.51840168243954e+001    1.06940063091483e+001
 4.44900105152471e+001    1.09989484752892e+001
 4.37434279705573e+001    1.11461619348055e+001
 4.29863301787592e+001    1.12092534174553e+001
 4.22292323869611e+001    1.13038906414301e+001
 4.15036803364879e+001    1.15352260778128e+001
 4.08622502628812e+001    1.19453207150368e+001
 4.04206098843323e+001    1.25236593059937e+001
 4.02313354363828e+001    1.32176656151420e+001
 4.02839116719243e+001    1.39642481598318e+001
 4.04521556256572e+001    1.47108307045216e+001
 4.05993690851735e+001    1.54468980021031e+001
 4.06624605678233e+001    1.62039957939012e+001
 4.06624605678233e+001    1.69610935856993e+001
 4.06729758149317e+001    1.77181913774974e+001
 4.06729758149317e+001    1.84752891692955e+001
 4.05993690851735e+001    1.92323869610936e+001
 4.04311251314406e+001    1.99684542586751e+001
 4.01892744479495e+001    2.06834910620400e+001
 3.99158780231335e+001    2.13880126182965e+001
 3.96845425867508e+001    2.21030494216614e+001
 3.95268138801262e+001    2.28496319663512e+001
 3.93901156677182e+001    2.36067297581493e+001
 3.91482649842271e+001    2.43112513144059e+001
 3.87171398527865e+001    2.48895899053628e+001
 3.81388012618297e+001    2.53417455310200e+001
 3.74868559411146e+001    2.57413249211356e+001
 3.68874868559411e+001    2.61934805467929e+001
 3.64353312302839e+001    2.67718191377497e+001
 3.61619348054679e+001    2.74658254468980e+001
 3.60042060988433e+001    2.82124079915878e+001
 3.58675078864353e+001    2.89589905362776e+001
 3.56677181913775e+001    2.96845425867508e+001
 3.53943217665615e+001    3.03890641430074e+001
 3.50788643533123e+001    3.10830704521556e+001
 3.47739221871714e+001    3.17770767613039e+001
 3.44900105152471e+001    3.24921135646688e+001
 3.41745531019979e+001    3.32071503680337e+001
 3.37223974763407e+001    3.37749737118822e+001
 3.31125131440589e+001    3.40378548895899e+001
 3.23974763406940e+001    3.40063091482650e+001
 3.16508937960042e+001    3.38485804416404e+001
 3.08937960042061e+001    3.37539432176656e+001
 3.01366982124080e+001    3.38170347003155e+001
 2.94006309148265e+001    3.40588853838065e+001
 2.87486855941115e+001    3.44900105152471e+001
 2.83491062039958e+001    3.50893796004206e+001
 2.83491062039958e+001    3.57518401682439e+001
 2.87066246056782e+001    3.63617245005258e+001
 2.92113564668770e+001    3.69505783385910e+001
 2.96109358569926e+001    3.76025236593060e+001
 2.97371188222923e+001    3.83070452155626e+001
 2.95373291272345e+001    3.89905362776025e+001
 2.90851735015773e+001    3.96214511041009e+001
 2.86014721345952e+001    4.02418506834911e+001
 2.84016824395373e+001    4.08937960042061e+001
 2.86014721345952e+001    4.15352260778128e+001
 2.90956887486856e+001    4.20609884332282e+001
 2.92534174553102e+001    4.20715036803365e+001
 3.00000000000000e+001    4.19137749737119e+001
 2.97581493165089e+001    4.23659305993691e+001
 3.06414300736067e+001    4.15141955835962e+001
 3.13669821240799e+001    4.12828601472135e+001
 3.19137749737119e+001    4.18717139852786e+001
 3.12513144058885e+001    4.22397476340694e+001
 3.05047318611987e+001    4.24079915878023e+001
 3.07465825446898e+001    4.22607781282860e+001
 2.98843322818086e+001    4.24710830704522e+001
 2.93375394321767e+001    4.29968454258675e+001
 2.88853838065195e+001    4.35962145110410e+001
 2.85173501577287e+001    4.42586750788644e+001
 2.82229232386961e+001    4.49631966351209e+001
 2.80651945320715e+001    4.57097791798107e+001
 2.82334384858044e+001    4.64458464773922e+001
 2.84858044164038e+001    4.71819137749737e+001
 2.86014721345952e+001    4.79074658254469e+001
 2.84752891692955e+001    4.86119873817035e+001
 2.81493165089380e+001    4.92849631966351e+001
 2.77497371188223e+001    4.99263932702419e+001
 2.73606729758149e+001    5.05678233438486e+001
 2.70241850683491e+001    5.12618296529969e+001
 2.67192429022082e+001    5.19663512092534e+001
 2.63512092534175e+001    5.26182965299685e+001
 2.58254468980021e+001    5.31335436382755e+001
 2.51735015772871e+001    5.34910620399579e+001
 2.44584647739222e+001    5.37329127234490e+001
 2.37118822292324e+001    5.38906414300736e+001
 2.29652996845426e+001    5.39852786540484e+001
 2.22082018927445e+001    5.40063091482650e+001
 2.14511041009464e+001    5.39537329127235e+001
 2.07045215562566e+001    5.38906414300736e+001
 1.99474237644585e+001    5.38590956887487e+001
 1.91587802313354e+001    5.38170347003155e+001
 1.84542586750789e+001    5.36277602523659e+001
 1.80021030494217e+001    5.31650893796004e+001
 1.77707676130389e+001    5.24921135646688e+001
 1.75709779179811e+001    5.17560462670873e+001
 1.72344900105152e+001    5.10935856992639e+001
 1.67087276550999e+001    5.05888538380652e+001
 1.60462670872766e+001    5.02208201892744e+001
 1.53101997896951e+001    4.99369085173501e+001
 1.46161934805468e+001    4.96004206098843e+001
 1.41009463722397e+001    4.91062039957939e+001
 1.38590956887487e+001    4.84437434279706e+001
 1.38590956887487e+001    4.76971608832808e+001
 1.39537329127234e+001    4.69295478443743e+001
 1.39957939011567e+001    4.61724500525762e+001
 1.39221871713985e+001    4.54153522607781e+001
 1.37539432176656e+001    4.46792849631966e+001
 1.35226077812829e+001    4.39537329127235e+001
 1.32281808622503e+001    4.32597266035752e+001
 1.28286014721346e+001    4.26288117770768e+001
 1.23238696109359e+001    4.20715036803365e+001
 1.17455310199790e+001    4.15772870662461e+001
 1.11041009463722e+001    4.11777076761304e+001
 1.03995793901157e+001    4.08937960042061e+001
 9.66351209253417e+000    4.07465825446898e+001
 8.90641430073607e+000    4.07255520504732e+001
 8.14931650893796e+000    4.07676130389064e+001
 7.39221871713985e+000    4.07781282860147e+001
 6.64563617245005e+000    4.06834910620399e+001
 5.94111461619348e+000    4.04521556256572e+001
 5.26813880126183e+000    4.01156677181914e+001
 4.61619348054680e+000    3.97371188222923e+001
 3.96424815983175e+000    3.93585699263933e+001
 3.31230283911672e+000    3.89800210304942e+001
 2.63932702418506e+000    3.86119873817035e+001
 1.93480546792850e+000    3.83280757097792e+001
 1.19873817034700e+000    3.82124079915878e+001
 4.62670872765507e-001    3.83280757097792e+001
-2.41850683491059e-001    3.85909568874869e+001
-9.35856992639330e-001    3.88958990536278e+001
-1.65089379600420e+000    3.91272344900105e+001
-2.39747634069401e+000    3.92429022082019e+001
-3.15457413249211e+000    3.92323869610936e+001
-3.90115667718191e+000    3.91272344900105e+001
-4.63722397476340e+000    3.89589905362776e+001
-5.37329127234490e+000    3.87802313354364e+001
-6.11987381703470e+000    3.86645636172450e+001
-6.87697160883280e+000    3.86330178759201e+001
-7.63406940063092e+000    3.86750788643533e+001
-8.38065194532071e+000    3.87592008412198e+001
-9.12723449001052e+000    3.88853838065194e+001
-1.06098843322818e+001    3.92113564668770e+001
-1.13354363827550e+001    3.94532071503680e+001
-1.20189274447950e+001    3.97581493165089e+001
-1.26919032597266e+001    4.01051524710831e+001
-1.33543638275499e+001    4.04626708727655e+001
-1.40378548895899e+001    4.07886435331230e+001
-1.47528916929548e+001    4.10094637223975e+001
-1.54994742376446e+001    4.11041009463722e+001
-1.62565720294427e+001    4.10515247108307e+001
-1.69926393270242e+001    4.08832807570978e+001
-1.77181913774974e+001    4.06519453207150e+001
-1.84437434279706e+001    4.04206098843323e+001
-1.91587802313354e+001    4.01997896950578e+001
-1.98843322818086e+001    3.99579390115668e+001
-2.05888538380652e+001    3.96529968454259e+001
-2.12513144058885e+001    3.92954784437434e+001
-2.18822292323870e+001    3.88958990536278e+001
-2.25341745531020e+001    3.85173501577287e+001
-2.32071503680337e+001    3.81913774973712e+001
-2.39116719242902e+001    3.78969505783386e+001
-2.45951629863302e+001    3.75709779179811e+001
-2.52155625657203e+001    3.71608832807571e+001
-2.57833859095689e+001    3.66666666666667e+001
-2.63512092534175e+001    3.61619348054679e+001
-2.69716088328076e+001    3.57413249211357e+001
-2.76550998948475e+001    3.54679284963197e+001
-2.84016824395373e+001    3.53627760252366e+001
-2.91587802313354e+001    3.53732912723449e+001
-2.99263932702418e+001    3.53943217665615e+001
-3.06834910620400e+001    3.52996845425867e+001
-3.13459516298633e+001    3.49947423764458e+001
-3.18611987381703e+001    3.44794952681388e+001
-3.22502628811777e+001    3.38170347003155e+001
-3.25762355415352e+001    3.31230283911672e+001
-3.29547844374343e+001    3.24605678233439e+001
-3.34595162986330e+001    3.19137749737119e+001
-3.40694006309148e+001    3.15036803364879e+001
-3.47634069400631e+001    3.11882229232387e+001
-3.54784437434280e+001    3.09253417455310e+001
-3.61934805467929e+001    3.06940063091483e+001
-3.69295478443744e+001    3.05152471083071e+001
-3.76866456361725e+001    3.04416403785489e+001
-3.84437434279706e+001    3.04521556256572e+001
-3.91903259726604e+001    3.05152471083071e+001
-3.99474237644585e+001    3.05467928496320e+001
-4.07045215562566e+001    3.04731861198738e+001
-4.14300736067298e+001    3.02733964248160e+001
-4.21240799158780e+001    2.99894847528917e+001
-4.28075709779180e+001    2.96740273396425e+001
-4.34910620399579e+001    2.93480546792850e+001
-4.41850683491062e+001    2.90325972660358e+001
-4.48685594111462e+001    2.86750788643533e+001
-4.54679284963197e+001    2.82124079915878e+001
-4.59200841219769e+001    2.76340694006309e+001
-4.62145110410095e+001    2.69400630914827e+001
-4.63722397476341e+001    2.61619348054679e+001
-4.63406940063092e+001    2.53838065194532e+001
-4.60357518401682e+001    2.47528916929548e+001
-4.54574132492114e+001    2.44058885383807e+001
-4.47213459516299e+001    2.43427970557308e+001
-4.39432176656152e+001    2.43848580441640e+001
-4.31861198738170e+001    2.43427970557308e+001
-4.25867507886435e+001    2.41114616193481e+001
-4.25131440588854e+001    2.39852786540484e+001
-4.25236593059937e+001    2.33543638275499e+001
-4.29547844374343e+001    2.19137749737119e+001
-4.27234490010515e+001    2.26393270241851e+001
-4.30599369085173e+001    2.11671924290221e+001
-4.31019978969506e+001    2.04100946372240e+001
-4.31966351209254e+001    1.96635120925342e+001
-4.34910620399579e+001    1.89589905362776e+001
-4.40904311251314e+001    1.85488958990536e+001
-4.48159831756046e+001    1.84121976866456e+001
-4.55730809674027e+001    1.84647739221872e+001
-4.63406940063092e+001    1.86014721345952e+001
-4.71188222923239e+001    1.87066246056782e+001
-4.78864353312303e+001    1.86540483701367e+001
-4.85068349106204e+001    1.83280757097792e+001
-4.88538380651945e+001    1.77392218717140e+001
-4.89274447949527e+001    1.70031545741325e+001
-4.89589905362776e+001    1.62460567823344e+001
-4.91798107255520e+001    1.55415352260778e+001
-4.95688748685594e+001    1.48790746582545e+001
-4.98948475289169e+001    1.42166140904311e+001
-4.99263932702419e+001    1.35226077812829e+001
-4.96950578338591e+001    1.28075709779180e+001
-4.94532071503680e+001    1.20609884332282e+001
-4.94952681388013e+001    1.13564668769716e+001
-4.99053627760252e+001    1.08622502628812e+001
-5.05783385909569e+001    1.06729758149317e+001
-5.13459516298633e+001    1.06940063091483e+001
-5.21240799158780e+001    1.07255520504732e+001
-5.28811777076761e+001    1.06414300736067e+001
-5.35646687697161e+001    1.03470031545741e+001
-5.40694006309148e+001    9.83175604626709e+000
-5.43427970557308e+001    9.14826498422713e+000
-5.43848580441640e+001    8.39116719242902e+000
-5.42691903259727e+001    7.63406940063092e+000
-5.40904311251314e+001    6.89800210304942e+000
-5.39116719242902e+001    6.15141955835962e+000
-5.36908517350158e+001    5.42586750788644e+000
-5.33438485804416e+001    4.75289169295479e+000
-5.28601472134595e+001    4.19558359621450e+000
-5.22502628811777e+001    3.76445846477392e+000
-5.15667718191377e+001    3.41745531019978e+000
-5.08727655099895e+001    3.04942166140905e+000
-5.02944269190326e+001    2.57623554153523e+000
-4.99684542586751e+001    1.95583596214511e+000
-4.99263932702419e+001    1.24079915878023e+000
-5.00525762355415e+001    4.83701366982125e-001
-5.01892744479495e+001   -2.73396424815985e-001
-5.02628811777077e+001   -1.03049421661409e+000
-5.03154574132492e+001   -1.79810725552051e+000
-5.04942166140904e+001   -2.52365930599369e+000
-5.08727655099895e+001   -3.15457413249212e+000
-5.13880126182965e+001   -3.70136698212408e+000
-5.19453207150368e+001   -4.21661409043113e+000
-5.24605678233438e+001   -4.76340694006309e+000
-5.29442691903260e+001   -5.34174553101997e+000
-5.34174553101998e+001   -5.94111461619348e+000
-5.38906414300736e+001   -6.54048370136698e+000
-5.43322818086225e+001   -7.13985278654049e+000
-5.47003154574133e+001   -7.79179810725552e+000
-5.49631966351209e+001   -8.50683491062041e+000
-5.51209253417455e+001   -9.24290220820190e+000
-5.52260778128286e+001   -1.00000000000000e+001
-5.53417455310200e+001   -1.07465825446898e+001
-5.55310199789695e+001   -1.14721345951630e+001
-5.58044164037855e+001   -1.21766561514196e+001
-5.61514195583596e+001   -1.28496319663512e+001
-5.65509989484753e+001   -1.34910620399579e+001
-5.69400630914827e+001   -1.41324921135647e+001
-5.72344900105152e+001   -1.48264984227129e+001
-5.74132492113565e+001   -1.55730809674027e+001
-5.74973711882229e+001   -1.63301787592008e+001
-5.75604626708728e+001   -1.70872765509990e+001
-5.76235541535226e+001   -1.78338590956888e+001
-5.76761303890642e+001   -1.85909568874869e+001
-5.76761303890642e+001   -1.93480546792850e+001
-5.76445846477392e+001   -2.01051524710831e+001
-5.76340694006309e+001   -2.08622502628812e+001
-5.77181913774974e+001   -2.16088328075710e+001
-5.78864353312303e+001   -2.23449001051525e+001
-5.80967402733964e+001   -2.30809674027340e+001
-5.82544689800210e+001   -2.38275499474238e+001
-5.82649842271293e+001   -2.45741324921136e+001
-5.80862250262881e+001   -2.52996845425868e+001
-5.77917981072555e+001   -2.59936908517350e+001
-5.74763406940063e+001   -2.66771819137750e+001
-5.72555205047319e+001   -2.73922187171399e+001
-5.70872765509990e+001   -2.81493165089380e+001
-5.68349106203996e+001   -2.88853838065195e+001
-5.63827549947424e+001   -2.94847528916930e+001
-5.57518401682440e+001   -2.97581493165089e+001
-5.50788643533123e+001   -2.96319663512093e+001
-5.44689800210305e+001   -2.92113564668770e+001
-5.39116719242902e+001   -2.86750788643533e+001
-5.33543638275499e+001   -2.81282860147213e+001
-5.27444794952681e+001   -2.76761303890641e+001
-5.20609884332282e+001   -2.73922187171399e+001
-5.13249211356467e+001   -2.73501577287066e+001
-5.06098843322818e+001   -2.75394321766562e+001
-4.98948475289169e+001   -2.78233438485804e+001
-4.91482649842271e+001   -2.80336487907466e+001
-4.84016824395373e+001   -2.80336487907466e+001
-4.77707676130389e+001   -2.77181913774974e+001
-4.73501577287066e+001   -2.71398527865405e+001
-4.70347003154574e+001   -2.64353312302839e+001
-4.66561514195584e+001   -2.57833859095689e+001
-4.59411146161935e+001   -2.58254468980021e+001
-4.52786540483701e+001   -2.61619348054679e+001
-4.46792849631966e+001   -2.66351209253417e+001
-4.41114616193480e+001   -2.71398527865405e+001
-4.29758149316509e+001   -2.81388012618297e+001
-4.35541535226078e+001   -2.76550998948475e+001
-4.23449001051525e+001   -2.85383806519453e+001
-4.16508937960042e+001   -2.88433228180862e+001
-4.09358569926393e+001   -2.90956887486856e+001
-4.02313354363828e+001   -2.93585699263933e+001
-3.95268138801262e+001   -2.96424815983176e+001
-3.88328075709779e+001   -2.99684542586751e+001
-3.81913774973712e+001   -3.03680336487907e+001
-3.76130389064143e+001   -3.08412197686646e+001
-3.71083070452156e+001   -3.13880126182965e+001
-3.66246056782334e+001   -3.19768664563617e+001
-3.60988433228181e+001   -3.25131440588854e+001
-3.54994742376446e+001   -3.29652996845426e+001
-3.48370136698212e+001   -3.33228180862250e+001
-3.41324921135647e+001   -3.36172450052576e+001
-3.34279705573081e+001   -3.39116719242902e+001
-3.27655099894848e+001   -3.42691903259727e+001
-3.21871713985279e+001   -3.47318611987382e+001
-3.16824395373291e+001   -3.52996845425867e+001
-3.12302839116719e+001   -3.59200841219769e+001
-3.08096740273396e+001   -3.65509989484753e+001
-3.03575184016824e+001   -3.71608832807571e+001
-2.98633017875920e+001   -3.77392218717140e+001
-2.93165089379600e+001   -3.82649842271293e+001
-2.86961093585699e+001   -3.86855941114616e+001
-2.80021030494217e+001   -3.89695057833859e+001
-2.72660357518402e+001   -3.91377497371188e+001
-2.65194532071504e+001   -3.92323869610936e+001
-2.57728706624606e+001   -3.93375394321767e+001
-2.50368033648791e+001   -3.95057833859096e+001
-2.43322818086225e+001   -3.97896950578339e+001
-2.36803364879075e+001   -4.01682439537329e+001
-2.30494216614090e+001   -4.05783385909569e+001
-2.23974763406940e+001   -4.09463722397476e+001
-2.17034700315457e+001   -4.12197686645636e+001
-2.09568874868559e+001   -4.13564668769716e+001
-2.01997896950578e+001   -4.13774973711882e+001
-1.94532071503680e+001   -4.13144058885384e+001
-1.87066246056782e+001   -4.11987381703470e+001
-1.79600420609884e+001   -4.10620399579390e+001
-1.72134595162986e+001   -4.09043112513144e+001
-1.64773922187171e+001   -4.07045215562566e+001
-1.57623554153523e+001   -4.04731861198738e+001
-1.50473186119874e+001   -4.02208201892744e+001
-1.43217665615142e+001   -3.99894847528917e+001
-1.35751840168244e+001   -3.98843322818086e+001
-1.28286014721346e+001   -3.99158780231335e+001
-1.20820189274448e+001   -4.00315457413249e+001
-1.13354363827550e+001   -4.01577287066246e+001
-1.05888538380652e+001   -4.02628811777077e+001
-9.83175604626709e+000   -4.03154574132492e+001
-9.07465825446899e+000   -4.03364879074658e+001
-8.31756046267087e+000   -4.03995793901157e+001
-7.59200841219769e+000   -4.05783385909569e+001
-6.91903259726604e+000   -4.09043112513144e+001
-6.30914826498423e+000   -4.13354363827550e+001
-5.74132492113566e+000   -4.18296529968454e+001
-5.15247108307045e+000   -4.23133543638276e+001
-4.52155625657203e+000   -4.27444794952681e+001
-3.85909568874868e+000   -4.31230283911672e+001
-3.17560462670873e+000   -4.34595162986330e+001
-2.51314405888539e+000   -4.38170347003155e+001
-1.88222923238696e+000   -4.42166140904311e+001
-1.24079915878023e+000   -4.46898002103049e+001
-5.46792849631970e-001   -4.50788643533123e+001
 1.05152471083066e-001   -4.51419558359621e+001
 5.36277602523661e-001   -4.47739221871714e+001
 7.57097791798110e-001   -4.41009463722397e+001
 9.25341745531021e-001   -4.33333333333333e+001
 1.19873817034700e+000   -4.26288117770768e+001
 1.64037854889590e+000   -4.20294426919033e+001
 2.18717139852787e+000   -4.15141955835962e+001
 2.76550998948475e+000   -4.10199789695058e+001
 3.31230283911672e+000   -4.04942166140904e+001
 3.79600420609884e+000   -3.99158780231335e+001
 4.25867507886436e+000   -3.92954784437434e+001
 4.77392218717140e+000   -3.87381703470032e+001
 5.39432176656151e+000   -3.83596214511041e+001
 6.10935856992639e+000   -3.82439537329127e+001
 6.85594111461619e+000   -3.83385909568875e+001
 7.59200841219769e+000   -3.85278654048370e+001
 8.31756046267087e+000   -3.87171398527865e+001
 9.05362776025236e+000   -3.88853838065195e+001
 9.78969505783385e+000   -3.90641430073607e+001
 1.05152471083070e+001   -3.92849631966351e+001
 1.12092534174553e+001   -3.96004206098843e+001
 1.18717139852787e+001   -3.99789695057834e+001
 1.25446898002103e+001   -4.03259726603575e+001
 1.32702418506835e+001   -4.05362776025237e+001
 1.40063091482650e+001   -4.05152471083070e+001
 1.47108307045216e+001   -4.02839116719243e+001
 1.53732912723449e+001   -3.99053627760252e+001
 1.60357518401682e+001   -3.95057833859096e+001
 1.67297581493165e+001   -3.92429022082019e+001
 1.74658254468980e+001   -3.91903259726604e+001
 1.82124079915878e+001   -3.93059936908517e+001
 1.89484752891693e+001   -3.94847528916930e+001
 1.96950578338591e+001   -3.96319663512093e+001
 2.04416403785489e+001   -3.96319663512093e+001
 2.11671924290221e+001   -3.94426919032597e+001
 2.18822292323870e+001   -3.91903259726604e+001
 2.26077812828601e+001   -3.90641430073607e+001
 2.33438485804416e+001   -3.91692954784437e+001
 2.40378548895899e+001   -3.94637223974763e+001
 2.52365930599369e+001   -4.03890641430074e+001
 2.57518401682440e+001   -4.09358569926393e+001
 2.62250262881178e+001   -4.15247108307045e+001
 2.67087276550999e+001   -4.21135646687697e+001
 2.72450052576236e+001   -4.26498422712934e+001
 2.78338590956887e+001   -4.31230283911672e+001
 2.90431125131441e+001   -4.40588853838065e+001
 2.95793901156677e+001   -4.45846477392219e+001
 3.00736067297582e+001   -4.51524710830705e+001
 3.11987381703470e+001   -4.62355415352261e+001
 3.18822292323870e+001   -4.64668769716088e+001
 3.25026288117771e+001   -4.62986330178759e+001
 3.29547844374343e+001   -4.57623554153523e+001
 3.33438485804416e+001   -4.50893796004206e+001
 3.38485804416404e+001   -4.45320715036803e+001
 3.45005257623554e+001   -4.42691903259727e+001
 3.52155625657203e+001   -4.43427970557308e+001
 3.58885383806519e+001   -4.46792849631966e+001
 3.64984227129338e+001   -4.51629863301788e+001
 3.70241850683491e+001   -4.57202944269190e+001
 3.74868559411146e+001   -4.63196635120925e+001
 3.79074658254469e+001   -4.69505783385910e+001
 3.82965299684543e+001   -4.75920084121977e+001
 3.86435331230284e+001   -4.82754994742376e+001
 3.88748685594111e+001   -4.89800210304942e+001
 3.89800210304942e+001   -4.97266035751840e+001
 3.90956887486856e+001   -5.04837013669821e+001
 3.93375394321767e+001   -5.11882229232387e+001
 3.97371188222923e+001   -5.18086225026288e+001
 4.02733964248160e+001   -5.23343848580442e+001
 4.08937960042061e+001   -5.27760252365931e+001
 4.15772870662461e+001   -5.31335436382755e+001
 4.23028391167192e+001   -5.33228180862250e+001
 4.30178759200841e+001   -5.32597266035752e+001
 4.37013669821241e+001   -5.29652996845426e+001
 4.43848580441640e+001   -5.26288117770768e+001
 4.50998948475289e+001   -5.24185068349106e+001
 4.58464773922187e+001   -5.23764458464774e+001
 4.66351209253417e+001   -5.24079915878023e+001
 4.74132492113565e+001   -5.23449001051525e+001
 4.80336487907466e+001   -5.20084121976866e+001
 4.83596214511041e+001   -5.14195583596214e+001
 4.83806519453207e+001   -5.06940063091483e+001
 4.82229232386961e+001   -4.99369085173502e+001
 4.80967402733964e+001   -4.91798107255521e+001
 4.82544689800210e+001   -4.84437434279706e+001
 4.88643533123028e+001   -4.82965299684543e+001
 4.81913774973712e+001   -4.86225026288118e+001
 4.95793901156677e+001   -4.84437434279706e+001
 5.02944269190326e+001   -4.87697160883281e+001
 5.10094637223975e+001   -4.90536277602524e+001
 5.17560462670873e+001   -4.91377497371188e+001
 5.24921135646688e+001   -4.89274447949527e+001
 5.29022082018927e+001   -4.83596214511041e+001
 5.30178759200841e+001   -4.76340694006309e+001
 5.29232386961094e+001   -4.68664563617245e+001
 5.28075709779180e+001   -4.60988433228181e+001
 5.28916929547844e+001   -4.53417455310200e+001
 5.36277602523659e+001   -4.51840168243954e+001
 5.43007360672976e+001   -4.54574132492114e+001
 5.49211356466877e+001   -4.59305993690852e+001
 5.54994742376446e+001   -4.64458464773922e+001
 