 3.41114616193480e+001    5.78338590956886e+000
 3.39116719242902e+001    5.05783385909569e+000
 3.37539432176656e+001    4.32176656151420e+000
 3.36172450052576e+001    3.57518401682439e+000
 3.34595162986330e+001    2.83911671924290e+000
 3.32702418506835e+001    2.10304942166140e+000
 3.30599369085174e+001    1.37749737118823e+000
 3.28706624605678e+001    6.41430073606728e-001
 3.27129337539432e+001   -1.05152471083066e-001
 3.26182965299685e+001   -8.51735015772874e-001
 3.25657202944269e+001   -1.60883280757098e+000
 3.25236593059937e+001   -2.35541535226078e+000
 3.24815983175605e+001   -3.11251314405889e+000
 3.24605678233439e+001   -3.86961093585699e+000
 3.25236593059937e+001   -4.62670872765510e+000
 3.26813880126183e+001   -5.36277602523659e+000
 3.28916929547844e+001   -6.08832807570978e+000
 3.31335436382755e+001   -6.81388012618297e+000
 3.33648790746583e+001   -7.52891692954785e+000
 3.35646687697161e+001   -8.26498422712934e+000
 3.37118822292324e+001   -9.01156677181914e+000
 3.38380651945321e+001   -9.75814931650893e+000
 3.39642481598318e+001   -1.05047318611987e+001
 3.41009463722397e+001   -1.12513144058885e+001
 3.42271293375394e+001   -1.19978969505783e+001
 3.43112513144059e+001   -1.27444794952681e+001
 3.43112513144059e+001   -1.35015772870662e+001
 3.41745531019979e+001   -1.42481598317560e+001
 3.38906414300736e+001   -1.49421661409043e+001
 3.34805467928496e+001   -1.55730809674027e+001
 3.30178759200841e+001   -1.61724500525762e+001
 3.25552050473186e+001   -1.67823343848580e+001
 3.21030494216614e+001   -1.73817034700315e+001
 3.15983175604627e+001   -1.79495268138801e+001
 3.10094637223975e+001   -1.84121976866456e+001
 3.03470031545741e+001   -1.87486855941115e+001
 2.96319663512093e+001   -1.89905362776025e+001
 2.89064143007361e+001   -1.92113564668770e+001
 2.81808622502629e+001   -1.94006309148265e+001
 2.74447949526814e+001   -1.95478443743428e+001
 2.66982124079916e+001   -1.96214511041009e+001
 2.59411146161935e+001   -1.96424815983176e+001
 2.51840168243954e+001   -1.96424815983176e+001
 2.44269190325973e+001   -1.96635120925342e+001
 2.36803364879075e+001   -1.97266035751840e+001
 2.29337539432177e+001   -1.98527865404837e+001
 2.21976866456362e+001   -2.00315457413249e+001
 2.14616193480547e+001   -2.02313354363828e+001
 2.07360672975815e+001   -2.04311251314406e+001
 2.00000000000000e+001   -2.06203995793901e+001
 1.92744479495268e+001   -2.08307045215563e+001
 1.85804416403785e+001   -2.11146161934805e+001
 1.79705573080967e+001   -2.15352260778128e+001
 1.74447949526814e+001   -2.20609884332282e+001
 1.69505783385910e+001   -2.26393270241851e+001
 1.64143007360673e+001   -2.31650893796004e+001
 1.58044164037855e+001   -2.35856992639327e+001
 1.51209253417455e+001   -2.38906414300736e+001
 1.43953732912724e+001   -2.41219768664564e+001
 1.36593059936909e+001   -2.42797055730810e+001
 1.29022082018927e+001   -2.43638275499474e+001
 1.21451104100946e+001   -2.43953732912723e+001
 1.13880126182965e+001   -2.43638275499474e+001
 1.06414300736067e+001   -2.42586750788644e+001
 9.90536277602524e+000   -2.40904311251314e+001
 9.16929547844374e+000   -2.38801261829653e+001
 8.44374342797056e+000   -2.36382754994742e+001
 7.72870662460568e+000   -2.34069400630915e+001
 6.99263932702419e+000   -2.32702418506835e+001
 6.23554153522608e+000   -2.32807570977918e+001
 5.49947423764458e+000   -2.34279705573081e+001
 4.77392218717140e+000   -2.36382754994742e+001
 4.03785488958991e+000   -2.38380651945321e+001
 3.30178759200842e+000   -2.40273396424816e+001
 2.57623554153523e+000   -2.42586750788644e+001
 1.89274447949527e+000   -2.45846477392219e+001
 1.26182965299684e+000   -2.49947423764458e+001
 6.41430073606728e-001   -2.54258675078864e+001
-2.10304942166104e-002   -2.57833859095689e+001
-7.46582544689801e-001   -2.60147213459516e+001
-1.50368033648790e+000   -2.60672975814932e+001
-2.23974763406940e+000   -2.59411146161935e+001
-2.94426919032597e+000   -2.56677181913775e+001
-3.60672975814931e+000   -2.52891692954784e+001
-4.21661409043112e+000   -2.48475289169295e+001
-4.78443743427971e+000   -2.43533123028391e+001
-5.34174553101998e+000   -2.38380651945321e+001
-5.92008412197687e+000   -2.33543638275499e+001
-6.55099894847528e+000   -2.29442691903260e+001
-7.23449001051524e+000   -2.26288117770768e+001
-7.96004206098843e+000   -2.24079915878023e+001
-8.70662460567823e+000   -2.22397476340694e+001
-9.44269190325973e+000   -2.20715036803365e+001
-1.01682439537329e+001   -2.18506834910620e+001
-1.08727655099895e+001   -2.15772870662461e+001
-1.15562565720294e+001   -2.12513144058885e+001
-1.22397476340694e+001   -2.09253417455310e+001
-1.29442691903260e+001   -2.06309148264984e+001
-1.36593059936909e+001   -2.03890641430074e+001
-1.43953732912723e+001   -2.01997896950578e+001
-1.51419558359622e+001   -2.00525762355415e+001
-1.58780231335436e+001   -1.98948475289169e+001
-1.66140904311251e+001   -1.97055730809674e+001
-1.73501577287066e+001   -1.95162986330179e+001
-1.80862250262881e+001   -1.93585699263933e+001
-1.88433228180862e+001   -1.92744479495268e+001
-1.96004206098843e+001   -1.92849631966351e+001
-2.03470031545741e+001   -1.93585699263933e+001
-2.10935856992639e+001   -1.94637223974763e+001
-2.18401682439537e+001   -1.95899053627760e+001
-2.25762355415352e+001   -1.97476340694006e+001
-2.33123028391167e+001   -1.99369085173502e+001
-2.40378548895899e+001   -2.01682439537329e+001
-2.47423764458465e+001   -2.04626708727655e+001
-2.54258675078864e+001   -2.07991587802313e+001
-2.61093585699264e+001   -2.11461619348055e+001
-2.67823343848580e+001   -2.14826498422713e+001
-2.74763406940063e+001   -2.17770767613039e+001
-2.81913774973712e+001   -2.20294426919033e+001
-2.89169295478444e+001   -2.22502628811777e+001
-2.96529968454259e+001   -2.24395373291272e+001
-3.03995793901157e+001   -2.26077812828601e+001
-3.11356466876972e+001   -2.27549947423764e+001
-3.18822292323870e+001   -2.28496319663512e+001
-3.26393270241851e+001   -2.28811777076761e+001
-3.33964248159832e+001   -2.28496319663512e+001
-3.41430073606730e+001   -2.27339642481598e+001
-3.48790746582545e+001   -2.25446898002103e+001
-3.56046267087277e+001   -2.23133543638276e+001
-3.63196635120925e+001   -2.20294426919033e+001
-3.70031545741325e+001   -2.16614090431125e+001
-3.75709779179811e+001   -2.11566771819138e+001
-3.79179810725552e+001   -2.05257623554154e+001
-3.80336487907466e+001   -1.98002103049422e+001
-3.79600420609884e+001   -1.90536277602524e+001
-3.77917981072555e+001   -1.83070452155626e+001
-3.75814931650894e+001   -1.75814931650894e+001
-3.73396424815983e+001   -1.68664563617245e+001
-3.71398527865405e+001   -1.61303890641430e+001
-3.70767613038906e+001   -1.53838065194532e+001
-3.71924290220820e+001   -1.46477392218717e+001
-3.74763406940063e+001   -1.39537329127234e+001
-3.78443743427971e+001   -1.32807570977918e+001
-3.81703470031546e+001   -1.25972660357518e+001
-3.83385909568875e+001   -1.18717139852787e+001
-3.83280757097792e+001   -1.11251314405889e+001
-3.81913774973712e+001   -1.03890641430074e+001
-3.80441640378549e+001   -9.64248159831756e+000
-3.79179810725552e+001   -8.89589905362776e+000
-3.77812828601472e+001   -8.14931650893796e+000
-3.75814931650894e+001   -7.41324921135647e+000
-3.72870662460568e+001   -6.71924290220820e+000
-3.69190325972660e+001   -6.05678233438486e+000
-3.64984227129338e+001   -5.42586750788644e+000
-3.60462670872765e+001   -4.82649842271294e+000
-3.56046267087277e+001   -4.21661409043113e+000
-3.51629863301788e+001   -3.59621451104100e+000
-3.47003154574132e+001   -2.99684542586751e+000
-3.41955835962145e+001   -2.39747634069401e+000
-3.37434279705573e+001   -1.75604626708727e+000
-3.35646687697161e+001   -1.08307045215562e+000
-3.37644584647739e+001   -4.31125131440588e-001
-3.42271293375394e+001    1.47213459516294e-001
-3.48054679284963e+001    6.62460567823338e-001
-3.54048370136698e+001    1.15667718191378e+000
-3.59936908517350e+001    1.68243953732912e+000
-3.64458464773922e+001    2.29232386961093e+000
-3.65930599369085e+001    2.97581493165089e+000
-3.63617245005258e+001    3.61724500525762e+000
-3.58780231335436e+001    4.17455310199790e+000
-3.52891692954784e+001    4.65825446898003e+000
-3.46687697160883e+001    5.11041009463722e+000
-3.40483701366982e+001    5.55205047318613e+000
-3.34279705573081e+001    5.98317560462671e+000
-3.27970557308097e+001    6.40378548895899e+000
-3.21661409043112e+001    6.81388012618297e+000
-3.15036803364879e+001    7.18191377497372e+000
-3.08096740273396e+001    7.52891692954785e+000
-3.01577287066246e+001    7.92849631966351e+000
-2.96529968454259e+001    8.44374342797056e+000
-2.93375394321767e+001    9.09568874868559e+000
-2.91482649842271e+001    9.82124079915877e+000
-2.89484752891693e+001    1.05573080967403e+001
-2.86750788643533e+001    1.12618296529968e+001
-2.83070452155626e+001    1.19242902208202e+001
-2.78548895899054e+001    1.25341745531020e+001
-2.73080967402734e+001    1.30389064143007e+001
-2.66771819137750e+001    1.34700315457413e+001
-2.60252365930599e+001    1.39011566771819e+001
-2.54994742376446e+001    1.44164037854890e+001
-2.52365930599369e+001    1.50578338590957e+001
-2.52786540483701e+001    1.57728706624606e+001
-2.54468980021030e+001    1.65089379600421e+001
-2.55099894847529e+001    1.72555205047319e+001
-2.53417455310200e+001    1.79600420609884e+001
-2.49842271293375e+001    1.86225026288118e+001
-2.45636172450053e+001    1.92534174553102e+001
-2.41430073606730e+001    1.98738170347003e+001
-2.37013669821241e+001    2.04942166140904e+001
-2.32176656151420e+001    2.10830704521556e+001
-2.26498422712934e+001    2.15667718191377e+001
-2.19873817034700e+001    2.19032597266036e+001
-2.12513144058885e+001    2.21135646687697e+001
-2.04942166140904e+001    2.22502628811777e+001
-1.97476340694006e+001    2.23764458464774e+001
-1.90010515247108e+001    2.25131440588854e+001
-1.82649842271293e+001    2.26708727655100e+001
-1.75184016824395e+001    2.28286014721346e+001
-1.67718191377497e+001    2.29863301787592e+001
-1.60357518401682e+001    2.31545741324921e+001
-1.52996845425867e+001    2.33438485804416e+001
-1.45846477392219e+001    2.35962145110410e+001
-1.39327024185068e+001    2.39642481598318e+001
-1.33648790746583e+001    2.44584647739222e+001
-1.28496319663512e+001    2.50368033648791e+001
-1.23449001051525e+001    2.56046267087277e+001
-1.17981072555205e+001    2.61303890641430e+001
-1.11987381703470e+001    2.65930599369085e+001
-1.05888538380652e+001    2.70241850683491e+001
-9.95793901156677e+000    2.74553101997897e+001
-9.29547844374343e+000    2.78233438485804e+001
-8.59095688748685e+000    2.80546792849632e+001
-7.84437434279705e+000    2.81177707676130e+001
-7.08727655099895e+000    2.80651945320715e+001
-6.34069400630915e+000    2.79705573080967e+001
-5.58359621451105e+000    2.78969505783386e+001
-4.82649842271293e+000    2.78654048370137e+001
-4.06940063091483e+000    2.78548895899054e+001
-3.31230283911673e+000    2.78654048370137e+001
-2.55520504731861e+000    2.78864353312303e+001
-1.79810725552051e+000    2.78654048370137e+001
-1.05152471083071e+000    2.77917981072555e+001
-3.04942166140897e-001    2.76656151419558e+001
 4.31125131440588e-001    2.74973711882229e+001
 1.15667718191378e+000    2.72975814931651e+001
 1.88222923238696e+000    2.70872765509990e+001
 2.61829652996845e+000    2.69295478443743e+001
 3.37539432176656e+000    2.68980021030494e+001
 4.12197686645636e+000    2.70241850683491e+001
 4.79495268138801e+000    2.73396424815983e+001
 5.37329127234490e+000    2.78233438485804e+001
 5.87802313354364e+000    2.84016824395373e+001
 6.35120925341745e+000    2.90010515247108e+001
 6.83491062039958e+000    2.95899053627760e+001
 7.37118822292324e+000    3.01156677181914e+001
 8.00210304942166e+000    3.05257623554154e+001
 8.71713985278654e+000    3.07886435331230e+001
 9.46372239747634e+000    3.09043112513144e+001
 1.02208201892744e+001    3.08832807570978e+001
 1.09674027339642e+001    3.07676130389064e+001
 1.17034700315457e+001    3.06098843322818e+001
 1.24500525762355e+001    3.04521556256572e+001
 1.31966351209253e+001    3.03364879074658e+001
 1.39537329127234e+001    3.02944269190326e+001
 1.47108307045216e+001    3.03049421661409e+001
 1.54679284963197e+001    3.03049421661409e+001
 1.62250262881178e+001    3.02523659305994e+001
 1.69716088328076e+001    3.01261829652997e+001
 1.77076761303891e+001    2.99158780231335e+001
 1.84016824395373e+001    2.96319663512092e+001
 1.90746582544690e+001    2.93059936908517e+001
 1.97476340694006e+001    2.89589905362776e+001
 2.04100946372240e+001    2.86014721345952e+001
 2.10830704521556e+001    2.82544689800210e+001
 2.17665615141956e+001    2.79284963196635e+001
 2.24605678233439e+001    2.76025236593060e+001
 2.31230283911672e+001    2.72450052576235e+001
 2.37644584647739e+001    2.68454258675079e+001
 2.43638275499474e+001    2.63827549947424e+001
 2.49211356466877e+001    2.58780231335436e+001
 2.54574132492114e+001    2.53312302839117e+001
 2.59936908517350e+001    2.47949526813880e+001
 2.65615141955836e+001    2.43007360672976e+001
 2.71608832807571e+001    2.38485804416404e+001
 2.78128286014721e+001    2.34490010515247e+001
 2.84858044164038e+001    2.31019978969506e+001
 2.91798107255520e+001    2.27865404837014e+001
 2.98633017875920e+001    2.24500525762355e+001
 3.05257623554154e+001    2.20820189274448e+001
 3.11461619348055e+001    2.16614090431125e+001
 3.17350157728707e+001    2.11987381703470e+001
 3.23028391167192e+001    2.07045215562566e+001
 3.28496319663512e+001    2.01892744479495e+001
 3.34069400630915e+001    1.96740273396425e+001
 3.39642481598318e+001    1.91587802313354e+001
 3.44584647739222e+001    1.85909568874869e+001
 3.48685594111462e+001    1.79600420609884e+001
 3.51209253417455e+001    1.72555205047319e+001
 3.52365930599369e+001    1.65089379600421e+001
 3.52996845425867e+001    1.57518401682440e+001
 3.53627760252366e+001    1.50052576235541e+001
 3.54258675078864e+001    1.42586750788644e+001
 3.54574132492114e+001    1.35015772870662e+001
 3.54258675078864e+001    1.27444794952681e+001
 3.53312302839117e+001    1.19978969505783e+001
 3.51840168243954e+001    1.12618296529968e+001
 3.50262881177708e+001    1.05152471083071e+001
 3.48895899053628e+001    9.77917981072555e+000
 3.47844374342797e+001    9.03259726603575e+000
 3.46792849631966e+001    8.28601472134595e+000
 3.45425867507886e+001    7.53943217665616e+000
 3.43743427970557e+001    6.80336487907466e+000
 3.41745531019979e+001    6.06729758149316e+000
 3.43112513144059e+001    6.50893796004206e+000
 3.41114616193480e+001    5.78338590956886e+000
 