 4.04521556256572e+001   -4.00736067297581e+001
 4.03575184016824e+001   -3.93270241850684e+001
 4.09043112513144e+001   -3.89589905362776e+001
 4.16824395373291e+001   -3.89589905362776e+001
 4.23764458464774e+001   -3.92849631966351e+001
 4.29022082018927e+001   -3.98422712933754e+001
 4.32702418506835e+001   -4.05362776025237e+001
 4.34069400630915e+001   -4.12723449001052e+001
 4.31861198738170e+001   -4.19978969505783e+001
 4.08622502628812e+001   -4.06940063091483e+001
 4.13880126182965e+001   -4.12828601472135e+001
 4.19978969505783e+001   -4.17875920084122e+001
 4.26708727655100e+001   -4.20399579390116e+001
 4.33753943217666e+001   -4.17875920084122e+001
 4.04521556256572e+001   -4.00736067297581e+001
 