 6.40378548895899e+001   -5.11461619348055e+001
 6.46582544689800e+001   -5.07150368033649e+001
 6.54153522607781e+001   -5.06414300736067e+001
 6.61619348054679e+001   -5.09148264984227e+001
 6.66771819137750e+001   -5.14721345951630e+001
 6.67507886435331e+001   -5.21345951629863e+001
 6.63617245005258e+001   -5.26498422712934e+001
 6.56782334384858e+001   -5.28391167192429e+001
 6.48895899053628e+001   -5.27024185068349e+001
 6.41955835962145e+001   -5.22818086225026e+001
 6.38590956887487e+001   -5.16719242902208e+001
 6.42166140904311e+001   -5.10094637223975e+001
 6.39011566771819e+001   -5.18927444794953e+001
 6.40378548895899e+001   -5.11461619348055e+001
 