 2.74447949526814e+000   -5.29968454258675e+000
 2.64984227129337e+000   -6.05678233438486e+000
 2.83911671924290e+000   -6.71924290220820e+000
 3.21766561514195e+000   -7.00315457413249e+000
 4.16403785488959e+000   -7.19242902208202e+000
 4.92113564668770e+000   -7.19242902208202e+000
 5.86750788643533e+000   -7.00315457413249e+000
 6.62460567823344e+000   -6.71924290220820e+000
 7.28706624605678e+000   -6.24605678233439e+000
 7.66561514195583e+000   -5.58359621451104e+000
 7.76025236593060e+000   -4.82649842271294e+000
 7.66561514195583e+000   -4.06940063091483e+000
 7.19242902208202e+000   -3.40694006309148e+000
 6.71924290220820e+000   -2.93375394321767e+000
 6.05678233438486e+000   -2.55520504731861e+000
 5.39432176656151e+000   -2.27129337539432e+000
 4.82649842271294e+000   -2.17665615141956e+000
 4.16403785488959e+000   -2.27129337539432e+000
 3.78548895899054e+000   -2.74447949526814e+000
 3.31230283911672e+000   -3.59621451104100e+000
 3.02839116719243e+000   -4.35331230283911e+000
 2.74447949526814e+000   -5.29968454258675e+000
