-5.28391167192429e+001   -3.30389064143007e+001
-5.32386961093586e+001   -3.36803364879075e+001
-5.38590956887487e+001   -3.41430073606730e+001
-5.46056782334385e+001   -3.43217665615142e+001
-5.52996845425868e+001   -3.41430073606730e+001
-5.57308096740273e+001   -3.36277602523659e+001
-5.58254468980021e+001   -3.29127234490010e+001
-5.55730809674027e+001   -3.21871713985279e+001
-5.50578338590957e+001   -3.16719242902208e+001
-5.43533123028391e+001   -3.15036803364879e+001
-5.36067297581493e+001   -3.16719242902208e+001
-5.30073606729758e+001   -3.21345951629863e+001
-5.27444794952681e+001   -3.28391167192429e+001
-5.28706624605678e+001   -3.22818086225026e+001
-5.28391167192429e+001   -3.30389064143007e+001
