 2.51314405888538e+001    6.14090431125132e+000
 2.52786540483701e+001    6.88748685594112e+000
 2.53101997896951e+001    7.64458464773922e+000
 2.52155625657203e+001    8.39116719242902e+000
 2.50157728706625e+001    9.11671924290221e+000
 2.47213459516299e+001    9.82124079915877e+000
 2.43638275499474e+001    1.04837013669821e+001
 2.39747634069401e+001    1.11356466876972e+001
 2.35751840168244e+001    1.17770767613039e+001
 2.32071503680336e+001    1.24395373291272e+001
 2.29127234490011e+001    1.31335436382755e+001
 2.26813880126183e+001    1.38590956887487e+001
 2.24815983175605e+001    1.45951629863302e+001
 2.22292323869611e+001    1.53101997896951e+001
 2.18717139852787e+001    1.59726603575184e+001
 2.13774973711882e+001    1.65404837013670e+001
 2.07676130389064e+001    1.69821240799159e+001
 2.00841219768665e+001    1.73080967402734e+001
 1.93690851735016e+001    1.75709779179811e+001
 1.86435331230284e+001    1.78128286014721e+001
 1.79284963196635e+001    1.80336487907466e+001
 1.71924290220820e+001    1.82124079915878e+001
 1.64458464773922e+001    1.83385909568875e+001
 1.56992639327024e+001    1.84437434279706e+001
 1.49526813880126e+001    1.85594111461619e+001
 1.42060988433228e+001    1.87171398527865e+001
 1.34805467928496e+001    1.89484752891693e+001
 1.27865404837014e+001    1.92429022082019e+001
 1.21135646687697e+001    1.95899053627760e+001
 1.14300736067298e+001    1.99158780231335e+001
 1.07045215562566e+001    2.01472134595163e+001
 9.95793901156677e+000    2.01997896950578e+001
 9.22187171398528e+000    2.00736067297582e+001
 8.52786540483701e+000    1.97896950578339e+001
 7.86540483701367e+000    1.94111461619348e+001
 7.22397476340694e+000    1.90010515247108e+001
 6.58254468980021e+000    1.86014721345952e+001
 5.92008412197686e+000    1.82544689800210e+001
 5.22607781282861e+000    1.79600420609884e+001
 4.51104100946372e+000    1.77287066246057e+001
 3.77497371188223e+000    1.75184016824395e+001
 3.04942166140905e+000    1.73080967402734e+001
 2.33438485804416e+000    1.70767613038906e+001
 1.61934805467929e+000    1.68243953732913e+001
 9.04311251314411e-001    1.65299684542587e+001
 2.41850683491066e-001    1.61619348054679e+001
-3.36487907465816e-001    1.56887486855941e+001
-8.20189274447941e-001    1.51209253417455e+001
-1.26182965299685e+000    1.44900105152471e+001
-1.69295478443743e+000    1.38590956887487e+001
-2.14511041009464e+000    1.32492113564669e+001
-2.60778128286015e+000    1.26393270241851e+001
-3.02839116719242e+000    1.20084121976867e+001
-3.43848580441641e+000    1.13564668769716e+001
-3.86961093585699e+000    1.07255520504732e+001
-4.41640378548895e+000    1.02103049421661e+001
-5.07886435331230e+000    9.92639327024185e+000
-5.81493165089380e+000    9.90536277602524e+000
-6.56151419558360e+000    1.00420609884332e+001
-7.30809674027340e+000    1.02313354363828e+001
-8.05467928496319e+000    1.03890641430074e+001
-8.81177707676130e+000    1.04626708727655e+001
-9.56887486855940e+000    1.04206098843323e+001
-1.03049421661409e+001    1.02418506834911e+001
-1.09674027339642e+001    9.89484752891693e+000
-1.15036803364879e+001    9.37960042060989e+000
-1.19242902208202e+001    8.74868559411146e+000
-1.23238696109359e+001    8.11777076761304e+000
-1.27865404837014e+001    7.51840168243953e+000
-1.33228180862250e+001    6.98212407991588e+000
-1.39011566771819e+001    6.49842271293376e+000
-1.44900105152471e+001    6.02523659305994e+000
-1.50788643533123e+001    5.55205047318613e+000
-1.56992639327024e+001    5.12092534174553e+000
-1.63617245005258e+001    4.76340694006309e+000
-1.70557308096740e+001    4.45846477392219e+000
-1.77392218717140e+001    4.14300736067298e+000
-1.84227129337539e+001    3.80651945320715e+000
-1.90851735015773e+001    3.42797055730810e+000
-1.96845425867508e+001    2.97581493165089e+000
-2.02313354363828e+001    2.46056782334384e+000
-2.07360672975815e+001    1.89274447949527e+000
-2.11987381703470e+001    1.29337539432177e+000
-2.15878023133544e+001    6.51945320715043e-001
-2.19242902208202e+001   -2.10304942166175e-002
-2.21976866456362e+001   -7.25552050473190e-001
-2.23764458464774e+001   -1.46161934805468e+000
-2.24395373291272e+001   -2.21871713985279e+000
-2.23764458464774e+001   -2.96529968454259e+000
-2.22502628811777e+001   -3.73291272344900e+000
-2.21871713985279e+001   -4.49001051524711e+000
-2.23449001051525e+001   -5.18401682439537e+000
-2.27444794952681e+001   -5.79390115667718e+000
-2.32386961093586e+001   -6.38275499474238e+000
-2.35856992639327e+001   -7.03470031545741e+000
-2.36067297581493e+001   -7.73922187171399e+000
-2.32912723449001e+001   -8.38065194532071e+000
-2.27339642481598e+001   -8.87486855941115e+000
-2.20399579390116e+001   -9.17981072555205e+000
-2.12933753943218e+001   -9.30599369085174e+000
-2.05362776025237e+001   -9.32702418506835e+000
-1.97791798107256e+001   -9.30599369085174e+000
-1.90220820189274e+001   -9.29547844374343e+000
-1.82649842271293e+001   -9.29547844374343e+000
-1.75078864353312e+001   -9.26393270241851e+000
-1.67507886435331e+001   -9.21135646687697e+000
-1.59936908517350e+001   -9.14826498422713e+000
-1.52365930599369e+001   -9.08517350157729e+000
-1.44794952681388e+001   -9.05362776025236e+000
-1.37223974763407e+001   -9.04311251314406e+000
-1.29652996845426e+001   -9.04311251314406e+000
-1.22082018927445e+001   -9.00105152471083e+000
-1.14616193480547e+001   -8.87486855941115e+000
-1.07465825446898e+001   -8.63301787592009e+000
-1.01156677181914e+001   -8.24395373291272e+000
-9.56887486855940e+000   -7.71819137749737e+000
-9.05362776025237e+000   -7.12933753943218e+000
-8.47528916929548e+000   -6.63512092534175e+000
-7.80231335436382e+000   -6.40378548895899e+000
-7.09779179810725e+000   -6.50893796004206e+000
-6.46687697160883e+000   -6.89800210304942e+000
-5.99369085173502e+000   -7.48685594111461e+000
-5.72029442691903e+000   -8.19137749737119e+000
-5.62565720294427e+000   -8.93796004206099e+000
-5.60462670872765e+000   -9.70557308096740e+000
-5.53101997896950e+000   -1.04731861198738e+001
-5.27865404837013e+000   -1.11566771819138e+001
-4.80546792849633e+000   -1.16929547844374e+001
-4.17455310199790e+000   -1.20925341745531e+001
-3.47003154574133e+000   -1.23869610935857e+001
-2.73396424815984e+000   -1.26288117770768e+001
-1.99789695057834e+000   -1.28180862250263e+001
-1.25131440588854e+000   -1.29547844374343e+001
-4.94216614090433e-001   -1.30283911671924e+001
 2.62881177707676e-001   -1.30178759200841e+001
 1.01997896950578e+000   -1.29442691903260e+001
 1.76656151419559e+000   -1.28075709779180e+001
 2.51314405888538e+000   -1.26603575184017e+001
 3.25972660357518e+000   -1.25552050473186e+001
 4.01682439537329e+000   -1.24921135646688e+001
 4.77392218717140e+000   -1.24290220820189e+001
 5.52050473186119e+000   -1.23238696109359e+001
 6.25657202944269e+000   -1.21345951629863e+001
 6.96109358569926e+000   -1.18611987381703e+001
 7.64458464773922e+000   -1.15352260778128e+001
 8.31756046267087e+000   -1.11777076761304e+001
 9.00105152471083e+000   -1.08307045215563e+001
 9.68454258675079e+000   -1.05047318611987e+001
 1.03575184016824e+001   -1.01577287066246e+001
 1.10304942166141e+001   -9.80021030494217e+000
 1.16824395373291e+001   -9.41114616193480e+000
 1.23238696109359e+001   -9.00105152471083e+000
 1.29758149316509e+001   -8.61198738170347e+000
 1.36593059936909e+001   -8.29652996845426e+000
 1.43743427970557e+001   -8.06519453207150e+000
 1.51209253417455e+001   -7.90746582544690e+000
 1.58675078864353e+001   -7.80231335436383e+000
 1.66140904311251e+001   -7.68664563617245e+000
 1.73501577287066e+001   -7.53943217665615e+000
 1.80862250262881e+001   -7.35015772870663e+000
 1.88012618296530e+001   -7.09779179810726e+000
 1.94742376445846e+001   -6.77181913774974e+000
 2.01051524710831e+001   -6.35120925341745e+000
 2.06834910620400e+001   -5.85699263932703e+000
 2.12092534174553e+001   -5.32071503680336e+000
 2.16824395373291e+001   -4.73186119873817e+000
 2.20820189274448e+001   -4.09043112513144e+000
 2.23974763406940e+001   -3.40694006309148e+000
 2.26393270241851e+001   -2.69190325972660e+000
 2.28286014721346e+001   -1.96635120925342e+000
 2.30073606729758e+001   -1.23028391167193e+000
 2.31861198738170e+001   -4.94216614090433e-001
 2.33648790746582e+001    2.41850683491059e-001
 2.35436382754995e+001    9.77917981072551e-001
 2.37644584647739e+001    1.70347003154574e+000
 2.40273396424816e+001    2.41850683491062e+000
 2.43112513144059e+001    3.12302839116719e+000
 2.45741324921136e+001    3.82754994742376e+000
 2.47949526813880e+001    4.55310199789696e+000
 2.49737118822292e+001    5.28916929547844e+000
 2.51419558359621e+001    6.02523659305994e+000
 2.49947423764458e+001    5.39432176656152e+000
 2.51314405888538e+001    6.14090431125132e+000
 