-9.64248159831756e+000   -6.62460567823345e-001
-9.10620399579390e+000   -1.47213459516301e-001
-8.34910620399579e+000    8.41219768664487e-002
-7.59200841219769e+000   -3.15457413249192e-002
-7.11882229232387e+000   -4.83701366982125e-001
-7.09779179810725e+000   -1.12513144058886e+000
-7.48685594111461e+000   -1.76656151419559e+000
-8.13880126182966e+000   -2.22923238696109e+000
-8.87486855941115e+000   -2.33438485804416e+000
-9.51629863301788e+000   -1.99789695057834e+000
-9.83175604626709e+000   -1.35646687697161e+000
-9.64248159831756e+000   -6.62460567823345e-001
