 3.86014721345952e+001   -1.90325972660357e+000
 3.81808622502629e+001   -1.26182965299684e+000
 3.78023133543638e+001   -6.09884332281808e-001
 3.75709779179811e+001    9.46372239747646e-002
 3.75289169295478e+001    8.41219768664565e-001
 3.76130389064143e+001    1.58780231335436e+000
 3.77287066246057e+001    2.33438485804416e+000
 3.78128286014721e+001    3.08096740273397e+000
 3.78128286014721e+001    3.83806519453207e+000
 3.77707676130389e+001    4.59516298633017e+000
 3.77287066246057e+001    5.34174553101998e+000
 3.77392218717140e+001    6.09884332281810e+000
 3.78233438485804e+001    6.84542586750788e+000
 3.79600420609884e+001    7.59200841219769e+000
 3.80757097791798e+001    8.32807570977918e+000
 3.81177707676130e+001    9.08517350157729e+000
 3.80862250262881e+001    9.84227129337540e+000
 3.80021030494217e+001    1.05888538380652e+001
 3.78969505783386e+001    1.13354363827550e+001
 3.78128286014721e+001    1.20820189274448e+001
 3.77497371188223e+001    1.28391167192429e+001
 3.77181913774974e+001    1.35962145110410e+001
 3.77076761303891e+001    1.43533123028391e+001
 3.77076761303891e+001    1.51104100946372e+001
 3.77076761303891e+001    1.58675078864353e+001
 3.77181913774974e+001    1.66246056782334e+001
 3.76971608832808e+001    1.73817034700315e+001
 3.76025236593060e+001    1.81282860147214e+001
 3.74447949526814e+001    1.88748685594111e+001
 3.71819137749737e+001    1.95793901156677e+001
 3.68033648790747e+001    2.02208201892744e+001
 3.63512092534175e+001    2.08201892744480e+001
 3.58569926393270e+001    2.13985278654048e+001
 3.53417455310200e+001    2.19558359621451e+001
 3.48159831756046e+001    2.25131440588854e+001
 3.43007360672976e+001    2.30599369085174e+001
 3.37644584647739e+001    2.35856992639327e+001
 3.32176656151420e+001    2.41114616193481e+001
 3.26603575184017e+001    2.46267087276551e+001
 3.20820189274448e+001    2.51104100946372e+001
 3.14721345951630e+001    2.55415352260778e+001
 3.07991587802313e+001    2.58675078864353e+001
 3.00841219768665e+001    2.61303890641430e+001
 2.93690851735016e+001    2.63932702418507e+001
 2.86961093585699e+001    2.67297581493165e+001
 2.80757097791798e+001    2.71503680336488e+001
 2.74973711882229e+001    2.76340694006309e+001
 2.69610935856993e+001    2.81703470031546e+001
 2.64668769716088e+001    2.87486855941115e+001
 2.60042060988433e+001    2.93480546792850e+001
 2.56046267087277e+001    2.99894847528917e+001
 2.52576235541535e+001    3.06624605678233e+001
 2.49526813880126e+001    3.13564668769716e+001
 2.46477392218717e+001    3.20399579390116e+001
 2.43533123028391e+001    3.27339642481598e+001
 2.40483701366982e+001    3.34174553101998e+001
 2.37223974763407e+001    3.41009463722397e+001
 2.33333333333333e+001    3.47528916929548e+001
 2.28916929547844e+001    3.53627760252366e+001
 2.23869610935857e+001    3.59516298633018e+001
 2.17981072555205e+001    3.64668769716088e+001
 2.11356466876972e+001    3.67823343848580e+001
 2.04416403785489e+001    3.67928496319663e+001
 1.97371188222923e+001    3.65509989484753e+001
 1.90431125131441e+001    3.62250262881178e+001
 1.83280757097792e+001    3.59621451104101e+001
 1.75920084121977e+001    3.57939011566772e+001
 1.68349106203996e+001    3.56992639327024e+001
 1.60883280757098e+001    3.56256572029443e+001
 1.53312302839117e+001    3.55625657202944e+001
 1.45741324921136e+001    3.54994742376446e+001
 1.38170347003155e+001    3.54153522607781e+001
 1.30599369085174e+001    3.53312302839117e+001
 1.23028391167192e+001    3.52786540483701e+001
 1.15457413249211e+001    3.52365930599369e+001
 1.07886435331230e+001    3.51735015772871e+001
 1.00420609884332e+001    3.50788643533123e+001
 9.29547844374343e+000    3.49421661409043e+001
 8.55941114616193e+000    3.47528916929548e+001
 7.83385909568875e+000    3.45531019978970e+001
 7.09779179810726e+000    3.43533123028391e+001
 6.37223974763407e+000    3.41430073606730e+001
 5.64668769716088e+000    3.39221871713985e+001
 4.91062039957939e+000    3.36908517350158e+001
 4.20609884332281e+000    3.33964248159832e+001
 3.52260778128286e+000    3.30599369085173e+001
 2.82860147213459e+000    3.27549947423765e+001
 2.10304942166141e+000    3.25972660357518e+001
 1.35646687697161e+000    3.26182965299684e+001
 6.20399579390117e-001    3.27760252365931e+001
-1.15667718191375e-001    3.29758149316509e+001
-8.62250262881176e-001    3.31230283911672e+001
-1.61934805467928e+000    3.31545741324921e+001
-2.36593059936909e+000    3.30494216614090e+001
-3.08096740273397e+000    3.28180862250263e+001
-3.76445846477392e+000    3.24921135646688e+001
-4.46898002103049e+000    3.22082018927445e+001
-5.20504731861197e+000    3.20820189274448e+001
-5.94111461619347e+000    3.21661409043112e+001
-6.64563617245005e+000    3.24185068349106e+001
-7.32912723449002e+000    3.27549947423765e+001
-7.99158780231335e+000    3.31335436382755e+001
-8.64353312302839e+000    3.35120925341745e+001
-9.29547844374343e+000    3.38906414300736e+001
-9.94742376445846e+000    3.42797055730810e+001
-1.05993690851735e+001    3.46477392218717e+001
-1.12933753943218e+001    3.49526813880126e+001
-1.20189274447950e+001    3.51209253417455e+001
-1.27760252365931e+001    3.51209253417455e+001
-1.35120925341746e+001    3.49631966351209e+001
-1.42166140904311e+001    3.46898002103050e+001
-1.49106203995794e+001    3.43743427970557e+001
-1.56046267087277e+001    3.40799158780231e+001
-1.63196635120925e+001    3.38380651945321e+001
-1.70452155625657e+001    3.36277602523659e+001
-1.77707676130389e+001    3.33964248159832e+001
-1.84647739221872e+001    3.30914826498423e+001
-1.91062039957939e+001    3.27024185068349e+001
-1.96950578338591e+001    3.22397476340694e+001
-2.02628811777077e+001    3.17139852786540e+001
-2.07781282860147e+001    3.11566771819138e+001
-2.11671924290221e+001    3.05362776025237e+001
-2.13880126182965e+001    2.98002103049422e+001
-2.15878023133544e+001    2.90431125131441e+001
-2.19768664563617e+001    2.85383806519453e+001
-2.25867507886435e+001    2.84016824395373e+001
-2.33228180862250e+001    2.84963196635121e+001
-2.40904311251314e+001    2.85909568874869e+001
-2.48475289169295e+001    2.85383806519453e+001
-2.55520504731861e+001    2.82860147213460e+001
-2.61409043112513e+001    2.78338590956888e+001
-2.65720294426919e+001    2.72239747634069e+001
-2.68454258675079e+001    2.65194532071504e+001
-2.70031545741325e+001    2.57833859095689e+001
-2.71083070452156e+001    2.50368033648791e+001
-2.72029442691903e+001    2.42902208201893e+001
-2.73396424815983e+001    2.35436382754995e+001
-2.75814931650894e+001    2.28286014721346e+001
-2.79600420609884e+001    2.21766561514196e+001
-2.84542586750789e+001    2.16088328075710e+001
-2.90431125131441e+001    2.11356466876972e+001
-2.96740273396425e+001    2.07255520504732e+001
-3.03470031545741e+001    2.03995793901157e+001
-3.10725552050473e+001    2.01682439537329e+001
-3.18191377497371e+001    2.00315457413249e+001
-3.25762355415352e+001    1.99474237644585e+001
-3.33333333333333e+001    1.98633017875920e+001
-3.40694006309148e+001    1.97266035751840e+001
-3.48054679284963e+001    1.95162986330179e+001
-3.55099894847529e+001    1.92534174553102e+001
-3.62039957939012e+001    1.89379600420610e+001
-3.68349106203996e+001    1.85173501577287e+001
-3.73396424815983e+001    1.79705573080967e+001
-3.76550998948475e+001    1.73186119873817e+001
-3.78233438485805e+001    1.65825446898002e+001
-3.79495268138801e+001    1.58359621451104e+001
-3.81388012618297e+001    1.50998948475289e+001
-3.84016824395373e+001    1.43953732912723e+001
-3.86961093585699e+001    1.37013669821241e+001
-3.89589905362776e+001    1.29968454258675e+001
-3.91377497371188e+001    1.22712933753943e+001
-3.92218717139853e+001    1.15141955835962e+001
-3.92534174553102e+001    1.07570977917981e+001
-3.92639327024185e+001    1.00000000000000e+001
-3.92849631966351e+001    9.24290220820188e+000
-3.93059936908517e+001    8.48580441640378e+000
-3.93796004206099e+001    7.72870662460568e+000
-3.95688748685594e+001    7.00315457413249e+000
-3.98948475289169e+001    6.33017875920083e+000
-4.03259726603575e+001    5.70977917981072e+000
-4.07781282860147e+001    5.08937960042061e+000
-4.11356466876972e+001    4.42691903259727e+000
-4.12933753943218e+001    3.71188222923239e+000
-4.12407991587802e+001    2.97581493165089e+000
-4.10199789695058e+001    2.26077812828601e+000
-4.07255520504732e+001    1.54574132492114e+000
-4.04626708727655e+001    8.09674027339646e-001
-4.03995793901157e+001    7.36067297581542e-002
-4.06203995793901e+001   -5.99369085173507e-001
-4.10620399579390e+001   -1.18822292323870e+000
-4.15983175604627e+001   -1.71398527865405e+000
-4.21345951629863e+001   -2.25026288117770e+000
-4.26288117770768e+001   -2.82860147213459e+000
-4.30704521556257e+001   -3.44900105152471e+000
-4.34490010515247e+001   -4.12197686645636e+000
-4.36803364879075e+001   -4.83701366982124e+000
-4.37013669821241e+001   -5.57308096740273e+000
-4.35226077812829e+001   -6.29863301787592e+000
-4.32702418506835e+001   -7.02418506834911e+000
-4.31125131440589e+001   -7.76025236593060e+000
-4.31545741324921e+001   -8.49631966351209e+000
-4.33964248159832e+001   -9.20084121976866e+000
-4.37223974763407e+001   -9.89484752891693e+000
-4.40063091482650e+001   -1.05993690851735e+001
-4.41430073606730e+001   -1.13249211356467e+001
-4.41009463722397e+001   -1.20715036803365e+001
-4.39116719242902e+001   -1.28075709779180e+001
-4.36172450052576e+001   -1.35015772870662e+001
-4.32386961093586e+001   -1.41640378548896e+001
-4.28496319663512e+001   -1.48159831756046e+001
-4.25762355415352e+001   -1.54994742376446e+001
-4.24605678233439e+001   -1.62355415352261e+001
-4.24395373291272e+001   -1.69926393270242e+001
-4.24290220820189e+001   -1.77497371188223e+001
-4.23659305993691e+001   -1.84963196635121e+001
-4.22292323869611e+001   -1.92429022082019e+001
-4.20504731861199e+001   -1.99789695057834e+001
-4.18191377497371e+001   -2.07045215562566e+001
-4.15036803364879e+001   -2.13880126182965e+001
-4.11146161934805e+001   -2.20399579390116e+001
-4.06309148264984e+001   -2.26182965299685e+001
-4.00736067297581e+001   -2.31335436382755e+001
-3.94637223974763e+001   -2.35751840168244e+001
-3.88012618296530e+001   -2.39327024185068e+001
-3.81072555205047e+001   -2.42376445846477e+001
-3.74027339642482e+001   -2.45110410094637e+001
-3.66876971608833e+001   -2.47528916929548e+001
-3.59516298633018e+001   -2.49631966351209e+001
-3.52155625657203e+001   -2.51629863301788e+001
-3.44794952681388e+001   -2.53312302839117e+001
-3.37329127234490e+001   -2.54574132492114e+001
-3.29758149316509e+001   -2.55205047318612e+001
-3.22187171398528e+001   -2.55310199789695e+001
-3.14616193480547e+001   -2.54679284963197e+001
-3.07255520504732e+001   -2.53417455310200e+001
-2.99789695057834e+001   -2.51735015772871e+001
-2.92429022082019e+001   -2.49737118822292e+001
-2.85173501577287e+001   -2.47634069400631e+001
-2.77812828601472e+001   -2.45636172450053e+001
-2.70557308096740e+001   -2.43638275499474e+001
-2.63301787592008e+001   -2.41324921135647e+001
-2.56361724500526e+001   -2.38380651945321e+001
-2.49631966351209e+001   -2.35015772870662e+001
-2.42797055730810e+001   -2.31545741324921e+001
-2.35962145110410e+001   -2.28496319663512e+001
-2.28706624605678e+001   -2.26708727655100e+001
-2.21135646687697e+001   -2.26288117770768e+001
-2.13564668769716e+001   -2.26919032597266e+001
-2.06098843322818e+001   -2.28286014721346e+001
-1.98633017875920e+001   -2.29863301787592e+001
-1.91167192429022e+001   -2.31335436382755e+001
-1.83701366982124e+001   -2.32386961093586e+001
-1.76235541535226e+001   -2.33228180862250e+001
-1.68769716088328e+001   -2.34384858044164e+001
-1.61514195583596e+001   -2.36277602523659e+001
-1.54574132492114e+001   -2.39221871713985e+001
-1.48054679284963e+001   -2.43112513144059e+001
-1.41850683491062e+001   -2.47528916929548e+001
-1.35541535226078e+001   -2.51840168243954e+001
-1.29127234490010e+001   -2.55941114616193e+001
-1.22818086225026e+001   -2.60042060988433e+001
-1.16403785488959e+001   -2.64248159831756e+001
-1.10199789695058e+001   -2.68664563617245e+001
-1.04100946372240e+001   -2.73080967402734e+001
-9.77917981072555e+000   -2.77076761303891e+001
-9.11671924290221e+000   -2.80862250262881e+001
-8.45425867507886e+000   -2.84752891692955e+001
-7.84437434279705e+000   -2.89274447949527e+001
-7.30809674027340e+000   -2.94532071503680e+001
-6.81388012618297e+000   -3.00210304942166e+001
-6.33017875920083e+000   -3.05993690851735e+001
-5.80441640378550e+000   -3.11356466876972e+001
-5.21556256572029e+000   -3.16088328075710e+001
-4.55310199789696e+000   -3.19768664563617e+001
-3.83806519453207e+000   -3.21976866456362e+001
-3.09148264984226e+000   -3.22292323869611e+001
-2.34490010515248e+000   -3.20820189274448e+001
-1.62986330178759e+000   -3.18191377497371e+001
-9.25341745531021e-001   -3.15562565720294e+001
-1.89274447949529e-001   -3.13880126182965e+001
 5.67823343848580e-001   -3.13774973711882e+001
 1.30389064143008e+000   -3.15247108307045e+001
 2.00841219768665e+000   -3.17875920084122e+001
 2.70241850683491e+000   -3.21030494216614e+001
 3.41745531019979e+000   -3.23659305993691e+001
 4.16403785488959e+000   -3.25131440588854e+001
 4.92113564668770e+000   -3.25131440588854e+001
 5.66771819137750e+000   -3.23659305993691e+001
 6.36172450052577e+000   -3.20820189274448e+001
 7.00315457413249e+000   -3.16929547844374e+001
 7.60252365930599e+000   -3.12407991587802e+001
 8.18086225026288e+000   -3.07570977917981e+001
 8.72765509989485e+000   -3.02418506834911e+001
 9.27444794952682e+000   -2.97055730809674e+001
 9.86330178759201e+000   -2.92218717139853e+001
 1.05257623554154e+001   -2.88748685594111e+001
 1.12513144058885e+001   -2.87171398527865e+001
 1.20084121976866e+001   -2.86961093585699e+001
 1.27655099894848e+001   -2.87486855941115e+001
 1.35120925341746e+001   -2.88117770767613e+001
 1.42691903259727e+001   -2.88328075709779e+001
 1.50262881177708e+001   -2.88012618296530e+001
 1.57833859095689e+001   -2.87381703470032e+001
 1.65404837013670e+001   -2.86540483701367e+001
 1.72870662460568e+001   -2.85488958990536e+001
 1.80336487907466e+001   -2.84437434279706e+001
 1.87907465825447e+001   -2.83701366982124e+001
 1.95478443743428e+001   -2.83175604626709e+001
 2.03049421661409e+001   -2.82965299684543e+001
 2.10620399579390e+001   -2.83175604626709e+001
 2.18191377497371e+001   -2.83701366982124e+001
 2.25657202944269e+001   -2.84437434279706e+001
 2.33228180862250e+001   -2.85173501577287e+001
 2.40799158780231e+001   -2.85278654048370e+001
 2.48475289169295e+001   -2.84542586750789e+001
 2.55625657202944e+001   -2.82124079915878e+001
 2.61514195583596e+001   -2.77812828601472e+001
 2.65825446898002e+001   -2.71713985278654e+001
 2.69085173501577e+001   -2.64563617245005e+001
 2.73186119873817e+001   -2.58254468980021e+001
 2.78969505783386e+001   -2.54679284963197e+001
 2.85909568874869e+001   -2.54258675078864e+001
 2.93270241850684e+001   -2.55941114616193e+001
 3.00736067297582e+001   -2.58359621451104e+001
 3.08096740273396e+001   -2.60357518401682e+001
 3.15562565720294e+001   -2.61198738170347e+001
 3.23133543638276e+001   -2.60567823343849e+001
 3.30494216614090e+001   -2.58675078864353e+001
 3.37539432176656e+001   -2.55730809674027e+001
 3.43953732912724e+001   -2.51840168243954e+001
 3.49842271293375e+001   -2.47108307045216e+001
 3.55310199789695e+001   -2.42060988433228e+001
 3.60778128286015e+001   -2.36803364879075e+001
 3.66140904311251e+001   -2.31440588853838e+001
 3.71608832807571e+001   -2.26288117770768e+001
 3.77497371188223e+001   -2.21556256572029e+001
 3.83701366982124e+001   -2.17034700315457e+001
 3.89800210304942e+001   -2.12513144058885e+001
 3.95688748685594e+001   -2.07676130389064e+001
 4.00841219768665e+001   -2.02103049421661e+001
 4.04626708727655e+001   -1.95583596214511e+001
 4.06414300736067e+001   -1.88433228180862e+001
 4.05888538380652e+001   -1.80967402733964e+001
 4.03364879074658e+001   -1.73817034700315e+001
 3.99579390115668e+001   -1.67192429022082e+001
 3.95478443743428e+001   -1.60778128286015e+001
 3.91798107255520e+001   -1.54153522607781e+001
 3.88748685594111e+001   -1.47213459516299e+001
 3.86435331230284e+001   -1.40063091482650e+001
 3.85068349106204e+001   -1.32597266035752e+001
 3.85068349106204e+001   -1.25026288117771e+001
 3.86330178759201e+001   -1.17560462670873e+001
 3.88643533123028e+001   -1.10410094637224e+001
 3.91377497371188e+001   -1.03364879074658e+001
 3.93796004206099e+001   -9.62145110410095e+000
 3.95583596214511e+001   -8.88538380651946e+000
 3.96740273396425e+001   -8.13880126182966e+000
 3.97055730809674e+001   -7.38170347003155e+000
 3.96740273396425e+001   -6.62460567823344e+000
 3.95688748685594e+001   -5.87802313354364e+000
 3.94321766561514e+001   -5.13144058885383e+000
 3.92954784437434e+001   -4.38485804416403e+000
 3.91692954784437e+001   -3.63827549947424e+000
 3.90115667718191e+001   -2.90220820189275e+000
 3.87276550998948e+001   -2.19768664563617e+000
 3.89169295478444e+001   -2.59726603575184e+000
 3.86014721345952e+001   -1.90325972660357e+000
 