 3.09148264984227e+001    9.25341745531020e+000
 3.07045215562566e+001    8.52786540483702e+000
 3.05047318611987e+001    7.79179810725553e+000
 3.03154574132492e+001    7.05573080967403e+000
 3.01472134595163e+001    6.31966351209255e+000
 2.99894847528917e+001    5.57308096740273e+000
 2.98527865404837e+001    4.83701366982125e+000
 2.97476340694006e+001    4.09043112513143e+000
 2.96529968454259e+001    3.34384858044164e+000
 2.95268138801262e+001    2.59726603575184e+000
 2.93585699263933e+001    1.86119873817035e+000
 2.91692954784437e+001    1.12513144058886e+000
 2.89800210304942e+001    3.89064143007360e-001
 2.87802313354364e+001   -3.47003154574132e-001
 2.85909568874869e+001   -1.08307045215562e+000
 2.84437434279706e+001   -1.81913774973712e+000
 2.83280757097792e+001   -2.56572029442692e+000
 2.82229232386961e+001   -3.31230283911672e+000
 2.81598317560463e+001   -4.05888538380652e+000
 2.81493165089380e+001   -4.81598317560463e+000
 2.81808622502629e+001   -5.57308096740273e+000
 2.82334384858044e+001   -6.31966351209253e+000
 2.82860147213460e+001   -7.07676130389064e+000
 2.83491062039958e+001   -7.83385909568875e+000
 2.83806519453207e+001   -8.59095688748685e+000
 2.83596214511041e+001   -9.34805467928496e+000
 2.82649842271293e+001   -1.01051524710831e+001
 2.80231335436383e+001   -1.08201892744479e+001
 2.76025236593060e+001   -1.14300736067298e+001
 2.70241850683491e+001   -1.19032597266036e+001
 2.63617245005258e+001   -1.22818086225026e+001
 2.56782334384858e+001   -1.26182965299685e+001
 2.49947423764458e+001   -1.29442691903260e+001
 2.43007360672976e+001   -1.32492113564669e+001
 2.35856992639327e+001   -1.35015772870662e+001
 2.28496319663512e+001   -1.37013669821241e+001
 2.21135646687697e+001   -1.38485804416404e+001
 2.13669821240799e+001   -1.39747634069401e+001
 2.06203995793901e+001   -1.41114616193481e+001
 1.98843322818086e+001   -1.42691903259727e+001
 1.91482649842271e+001   -1.44374342797056e+001
 1.84016824395373e+001   -1.45846477392219e+001
 1.76550998948475e+001   -1.47108307045216e+001
 1.68980021030494e+001   -1.47949526813880e+001
 1.61409043112513e+001   -1.49001051524711e+001
 1.54048370136698e+001   -1.50893796004206e+001
 1.47213459516299e+001   -1.53943217665615e+001
 1.40904311251314e+001   -1.58149316508938e+001
 1.35015772870662e+001   -1.62986330178759e+001
 1.29442691903260e+001   -1.68243953732913e+001
 1.23764458464774e+001   -1.73291272344900e+001
 1.17770767613039e+001   -1.77917981072555e+001
 1.11356466876972e+001   -1.81913774973712e+001
 1.04521556256572e+001   -1.85068349106204e+001
 9.71608832807571e+000   -1.87066246056782e+001
 8.95899053627760e+000   -1.87907465825447e+001
 8.20189274447949e+000   -1.88012618296530e+001
 7.44479495268139e+000   -1.87592008412198e+001
 6.69821240799159e+000   -1.87066246056782e+001
 5.94111461619348e+000   -1.86435331230284e+001
 5.18401682439537e+000   -1.85699263932702e+001
 4.42691903259726e+000   -1.84858044164038e+001
 3.68033648790747e+000   -1.83911671924290e+001
 2.93375394321767e+000   -1.83175604626709e+001
 2.17665615141956e+000   -1.82965299684543e+001
 1.41955835962145e+000   -1.83175604626709e+001
 6.72975814931654e-001   -1.84121976866456e+001
-7.36067297581542e-002   -1.85804416403785e+001
-7.88643533123022e-001   -1.88328075709779e+001
-1.49316508937959e+000   -1.90851735015773e+001
-2.22923238696109e+000   -1.92429022082019e+001
-2.98633017875920e+000   -1.92534174553102e+001
-3.73291272344900e+000   -1.91167192429022e+001
-4.43743427970557e+000   -1.88643533123028e+001
-5.12092534174553e+000   -1.85594111461619e+001
-5.81493165089380e+000   -1.82544689800210e+001
-6.52996845425868e+000   -1.79915878023134e+001
-7.25552050473186e+000   -1.77917981072555e+001
-8.00210304942166e+000   -1.76866456361725e+001
-8.75920084121977e+000   -1.76550998948475e+001
-9.51629863301788e+000   -1.76656151419558e+001
-1.02733964248160e+001   -1.76340694006309e+001
-1.10199789695058e+001   -1.75289169295478e+001
-1.17560462670873e+001   -1.73396424815983e+001
-1.24710830704522e+001   -1.71083070452156e+001
-1.31756046267087e+001   -1.68349106203996e+001
-1.38696109358570e+001   -1.65194532071504e+001
-1.45636172450053e+001   -1.62145110410095e+001
-1.52681388012618e+001   -1.59411146161935e+001
-1.60042060988433e+001   -1.57202944269190e+001
-1.67402733964248e+001   -1.55625657202944e+001
-1.74868559411146e+001   -1.54468980021030e+001
-1.82334384858044e+001   -1.53522607781283e+001
-1.89800210304942e+001   -1.52891692954784e+001
-1.97371188222923e+001   -1.52576235541535e+001
-2.04942166140904e+001   -1.52471083070452e+001
-2.12513144058885e+001   -1.52576235541535e+001
-2.20084121976867e+001   -1.52786540483701e+001
-2.27655099894848e+001   -1.53101997896951e+001
-2.35120925341746e+001   -1.53838065194532e+001
-2.42586750788643e+001   -1.54994742376446e+001
-2.49842271293375e+001   -1.56887486855941e+001
-2.56887486855941e+001   -1.59831756046267e+001
-2.64143007360673e+001   -1.63091482649842e+001
-2.71293375394322e+001   -1.64353312302839e+001
-2.76971608832808e+001   -1.61829652996845e+001
-2.80651945320715e+001   -1.56046267087277e+001
-2.82860147213460e+001   -1.48685594111462e+001
-2.84963196635121e+001   -1.41219768664564e+001
-2.87697160883281e+001   -1.34069400630915e+001
-2.90851735015773e+001   -1.27129337539432e+001
-2.94006309148265e+001   -1.20294426919033e+001
-2.96740273396425e+001   -1.13249211356467e+001
-2.98843322818086e+001   -1.05888538380652e+001
-3.00420609884332e+001   -9.85278654048371e+000
-3.02103049421661e+001   -9.10620399579390e+000
-3.04626708727655e+001   -8.39116719242902e+000
-3.07991587802313e+001   -7.71819137749737e+000
-3.11777076761304e+001   -7.05573080967402e+000
-3.14721345951630e+001   -6.35120925341745e+000
-3.15352260778128e+001   -5.62565720294428e+000
-3.13144058885384e+001   -4.93165089379600e+000
-3.08517350157729e+001   -4.34279705573081e+000
-3.02418506834911e+001   -3.89064143007361e+000
-2.95793901156677e+001   -3.51209253417456e+000
-2.89169295478444e+001   -3.14405888538381e+000
-2.82754994742376e+001   -2.74447949526814e+000
-2.76761303890642e+001   -2.28180862250262e+000
-2.71293375394322e+001   -1.75604626708727e+000
-2.66771819137750e+001   -1.15667718191378e+000
-2.63301787592008e+001   -4.83701366982125e-001
-2.60462670872765e+001    2.20820189274448e-001
-2.57728706624606e+001    9.25341745531021e-001
-2.54994742376446e+001    1.62986330178759e+000
-2.52050473186120e+001    2.32386961093585e+000
-2.49211356466877e+001    3.02839116719242e+000
-2.46687697160883e+001    3.74342797055731e+000
-2.44794952681388e+001    4.47949526813881e+000
-2.43427970557308e+001    5.22607781282861e+000
-2.42166140904311e+001    5.97266035751839e+000
-2.40483701366982e+001    6.71924290220819e+000
-2.38170347003155e+001    7.43427970557309e+000
-2.35331230283912e+001    8.13880126182966e+000
-2.31861198738170e+001    8.80126182965300e+000
-2.27549947423764e+001    9.43217665615141e+000
-2.22607781282860e+001    1.00000000000000e+001
-2.17139852786541e+001    1.05257623554154e+001
-2.11251314405888e+001    1.09989484752892e+001
-2.05152471083070e+001    1.14511041009464e+001
-1.99053627760252e+001    1.19032597266036e+001
-1.92954784437434e+001    1.23659305993691e+001
-1.87171398527865e+001    1.28601472134595e+001
-1.81493165089380e+001    1.33543638275499e+001
-1.75709779179811e+001    1.38485804416404e+001
-1.69610935856993e+001    1.42902208201893e+001
-1.62986330178759e+001    1.46582544689800e+001
-1.55941114616193e+001    1.49421661409043e+001
-1.48685594111462e+001    1.51524710830705e+001
-1.41324921135647e+001    1.53312302839117e+001
-1.33964248159832e+001    1.54784437434280e+001
-1.26498422712934e+001    1.55835962145110e+001
-1.19032597266036e+001    1.57097791798107e+001
-1.11777076761304e+001    1.59200841219769e+001
-1.05467928496320e+001    1.62986330178759e+001
-1.00420609884332e+001    1.68349106203996e+001
-9.65299684542588e+000    1.74868559411146e+001
-9.31650893796004e+000    1.81703470031546e+001
-8.93796004206099e+000    1.88328075709779e+001
-8.48580441640378e+000    1.94321766561514e+001
-7.92849631966351e+000    1.99263932702419e+001
-7.28706624605678e+000    2.03154574132492e+001
-6.58254468980020e+000    2.06309148264984e+001
-5.86750788643533e+000    2.09043112513144e+001
-5.15247108307045e+000    2.11777076761304e+001
-4.46898002103049e+000    2.14931650893796e+001
-3.80651945320715e+000    2.18401682439537e+001
-3.14405888538381e+000    2.21976866456362e+001
-2.46056782334384e+000    2.25236593059937e+001
-1.74553101997896e+000    2.27865404837014e+001
-1.00946372239747e+000    2.29547844374343e+001
-2.52365930599368e-001    2.30389064143007e+001
 5.04731861198735e-001    2.30494216614090e+001
 1.26182965299684e+000    2.30494216614090e+001
 2.01892744479495e+000    2.30809674027340e+001
 2.77602523659306e+000    2.31440588853838e+001
 3.53312302839117e+000    2.32281808622503e+001
 4.27970557308097e+000    2.33543638275499e+001
 5.00525762355415e+000    2.35541535226078e+001
 5.68874868559411e+000    2.38590956887487e+001
 6.33017875920084e+000    2.42481598317561e+001
 6.96109358569926e+000    2.46792849631966e+001
 7.57097791798108e+000    2.51314405888538e+001
 8.20189274447949e+000    2.55520504731861e+001
 8.86435331230284e+000    2.59095688748686e+001
 9.55835962145110e+000    2.61934805467929e+001
 1.02944269190326e+001    2.63722397476341e+001
 1.10515247108307e+001    2.64458464773922e+001
 1.18086225026288e+001    2.64668769716088e+001
 1.25657202944269e+001    2.64668769716088e+001
 1.33228180862250e+001    2.64668769716088e+001
 1.40799158780231e+001    2.64353312302839e+001
 1.48264984227129e+001    2.63617245005258e+001
 1.55730809674027e+001    2.62460567823344e+001
 1.62986330178759e+001    2.60567823343848e+001
 1.70136698212408e+001    2.58044164037855e+001
 1.77076761303891e+001    2.55099894847529e+001
 1.84016824395373e+001    2.52260778128286e+001
 1.91167192429022e+001    2.49526813880126e+001
 1.98212407991588e+001    2.46687697160883e+001
 2.05047318611987e+001    2.43322818086225e+001
 2.11356466876972e+001    2.39116719242902e+001
 2.17034700315457e+001    2.34174553101998e+001
 2.22292323869611e+001    2.28706624605678e+001
 2.27444794952681e+001    2.23238696109359e+001
 2.33017875920084e+001    2.18191377497371e+001
 2.39011566771819e+001    2.13564668769716e+001
 2.45320715036803e+001    2.09463722397476e+001
 2.52155625657203e+001    2.06203995793901e+001
 2.59305993690852e+001    2.03575184016824e+001
 2.66351209253417e+001    2.00946372239748e+001
 2.73396424815983e+001    1.98212407991588e+001
 2.80231335436383e+001    1.94742376445846e+001
 2.86119873817035e+001    1.90010515247108e+001
 2.90536277602524e+001    1.84016824395373e+001
 2.93165089379600e+001    1.76971608832808e+001
 2.94426919032597e+001    1.69505783385910e+001
 2.95268138801262e+001    1.61934805467928e+001
 2.96635120925342e+001    1.54468980021031e+001
 2.98948475289169e+001    1.47318611987382e+001
 3.02208201892744e+001    1.40483701366982e+001
 3.05993690851735e+001    1.33964248159832e+001
 3.09568874868559e+001    1.27234490010515e+001
 3.12092534174553e+001    1.20189274447950e+001
 3.13038906414301e+001    1.12723449001052e+001
 3.12302839116719e+001    1.05152471083071e+001
 3.10620399579390e+001    9.77917981072555e+000
 3.08727655099895e+001    9.04311251314407e+000
 3.11461619348055e+001    9.96845425867508e+000
 3.09148264984227e+001    9.25341745531020e+000
 