 2.50262881177708e+001    1.40752433570113e+001
 2.50368033648791e+001    1.48329387003420e+001
 2.51104100946372e+001    1.55801104972376e+001
 2.51209253417455e+001    1.63378058405683e+001
 2.49947423764458e+001    1.70849776374638e+001
 2.47213459516299e+001    1.77690081557485e+001
 2.43007360672976e+001    1.83898973954223e+001
 2.37854889589905e+001    1.89476453564851e+001
 2.32281808622503e+001    1.94632991318074e+001
 2.26393270241851e+001    1.99368587213891e+001
 2.20294426919033e+001    2.03893712181005e+001
 2.14090431125131e+001    2.08208366219416e+001
 2.07781282860147e+001    2.12417784793475e+001
 2.01261829652997e+001    2.16206261510129e+001
 1.94321766561514e+001    2.19363325440673e+001
 1.87171398527865e+001    2.21888976585109e+001
 1.79810725552050e+001    2.23888450407787e+001
 1.72450052576236e+001    2.25677453301763e+001
 1.65089379600421e+001    2.27255985267035e+001
 1.57623554153523e+001    2.28729281767956e+001
 1.50262881177708e+001    2.30518284661931e+001
 1.43112513144059e+001    2.32728229413312e+001
 1.35962145110410e+001    2.35043409629045e+001
 1.28601472134595e+001    2.37148118916075e+001
 1.21240799158780e+001    2.38831886345698e+001
 1.13774973711882e+001    2.39568534596159e+001
 1.06203995793901e+001    2.39252828203104e+001
 9.87381703470032e+000    2.37779531702184e+001
 9.14826498422713e+000    2.35464351486451e+001
 8.45425867507886e+000    2.32412523020258e+001
 7.78128286014721e+000    2.28834517232307e+001
 7.11882229232387e+000    2.25151275980005e+001
 6.44584647739222e+000    2.21678505656406e+001
 5.75184016824396e+000    2.18626677190213e+001
 5.04731861198739e+000    2.15680084188371e+001
 4.34279705573081e+000    2.12838726650881e+001
 3.63827549947424e+000    2.10102604577743e+001
 2.92323869610936e+000    2.07576953433307e+001
 2.20820189274448e+000    2.05156537753223e+001
 1.49316508937960e+000    2.02736122073139e+001
 7.78128286014720e-001    2.00315706393054e+001
 7.36067297581471e-002    1.97790055248619e+001
-6.30914826498419e-001    1.95053933175480e+001
-1.32492113564669e+000    1.92212575637990e+001
-1.99789695057834e+000    1.88845040778742e+001
-2.63932702418507e+000    1.84951328597737e+001
-3.23869610935857e+000    1.80426203630624e+001
-3.77497371188223e+000    1.75059194948698e+001
-4.22712933753944e+000    1.68955538016312e+001
-4.62670872765510e+000    1.62536174690871e+001
-4.99474237644584e+000    1.55906340436727e+001
-5.36277602523660e+000    1.49276506182584e+001
-5.78338590956886e+000    1.43067613785846e+001
-6.29863301787591e+000    1.37595369639569e+001
-6.89800210304942e+000    1.32859773743752e+001
-7.56046267087277e+000    1.29281767955801e+001
-8.27549947423765e+000    1.26861352275717e+001
-9.02208201892745e+000    1.25177584846093e+001
-9.76866456361725e+000    1.23914759273875e+001
-1.05152471083071e+001    1.22651933701657e+001
-1.12513144058886e+001    1.21283872665088e+001
-1.19978969505783e+001    1.19915811628519e+001
-1.27339642481598e+001    1.18232044198895e+001
-1.34700315457413e+001    1.16443041304920e+001
-1.42060988433228e+001    1.14338332017890e+001
-1.49106203995794e+001    1.11496974480400e+001
-1.55730809674027e+001    1.07918968692449e+001
-1.61619348054679e+001    1.03288608260984e+001
-1.66771819137750e+001    9.78163641147066e+000
-1.71188222923239e+001    9.17127071823204e+000
-1.75394321766561e+001    8.52933438568797e+000
-1.79810725552050e+001    7.91896869244935e+000
-1.84858044164038e+001    7.35069718495133e+000
-1.90431125131441e+001    6.83504340962905e+000
-1.96109358569926e+001    6.32991318074191e+000
-2.01472134595163e+001    5.80373585898447e+000
-2.06624605678233e+001    5.25651144435675e+000
-2.11671924290221e+001    4.68823993685872e+000
-2.16193480546793e+001    4.07787424362010e+000
-2.20294426919033e+001    3.44646145751118e+000
-2.24185068349106e+001    2.80452512496711e+000
-2.27760252365931e+001    2.14154169955275e+000
-2.31019978969506e+001    1.45751118126808e+000
-2.33964248159832e+001    7.52433570113126e-001
-2.36487907465825e+001    3.68324125230259e-002
-2.38485804416404e+001   -6.99815837937386e-001
-2.39852786540484e+001   -1.43646408839779e+000
-2.40273396424816e+001   -2.19415943172849e+000
-2.40273396424816e+001   -2.95185477505920e+000
-2.40483701366982e+001   -3.70955011838990e+000
-2.41745531019979e+001   -4.45672191528546e+000
-2.44374342797056e+001   -5.15127598000526e+000
-2.47949526813880e+001   -5.82478295185477e+000
-2.51209253417455e+001   -6.50881347013944e+000
-2.53207150368034e+001   -7.23493817416469e+000
-2.53417455310200e+001   -7.98210997106025e+000
-2.51629863301788e+001   -8.71875822152065e+000
-2.48159831756046e+001   -9.38174164693502e+000
-2.43112513144059e+001   -9.95001315443304e+000
-2.37118822292324e+001   -1.04340962904499e+001
-2.30494216614090e+001   -1.07918968692449e+001
-2.23343848580442e+001   -1.10339384372534e+001
-2.15878023133544e+001   -1.11917916337806e+001
-2.08307045215563e+001   -1.12970270981321e+001
-2.00736067297582e+001   -1.13496448303078e+001
-1.93165089379601e+001   -1.13706919231781e+001
-1.85594111461619e+001   -1.14022625624836e+001
-1.78023133543638e+001   -1.14443567482242e+001
-1.70452155625657e+001   -1.14969744803999e+001
-1.62986330178759e+001   -1.15601157590108e+001
-1.55520504731861e+001   -1.16337805840568e+001
-1.47949526813880e+001   -1.16969218626677e+001
-1.40378548895899e+001   -1.17495395948435e+001
-1.32807570977918e+001   -1.17390160484083e+001
-1.25341745531020e+001   -1.16443041304920e+001
-1.17981072555205e+001   -1.14969744803999e+001
-1.10620399579390e+001   -1.13075506445672e+001
-1.03259726603575e+001   -1.11181268087345e+001
-9.56887486855940e+000   -1.10128913443831e+001
-8.82229232386960e+000   -1.10865561694291e+001
-8.13880126182966e+000   -1.13601683767430e+001
-7.54994742376445e+000   -1.18126808734544e+001
-7.03470031545741e+000   -1.23704288345172e+001
-6.51945320715036e+000   -1.29387003420153e+001
-5.97266035751839e+000   -1.34648776637727e+001
-5.38380651945320e+000   -1.39279137069192e+001
-4.74237644584647e+000   -1.43172849250197e+001
-4.03785488958991e+000   -1.46119442252039e+001
-3.30178759200842e+000   -1.47908445146014e+001
-2.55520504731861e+000   -1.48645093396475e+001
-1.79810725552051e+000   -1.48645093396475e+001
-1.04100946372239e+000   -1.48224151539069e+001
-2.83911671924287e-001   -1.47803209681663e+001
 4.73186119873816e-001   -1.47697974217311e+001
 1.23028391167193e+000   -1.47908445146014e+001
 1.98738170347004e+000   -1.48329387003420e+001
 2.74447949526814e+000   -1.48645093396475e+001
 3.50157728706625e+000   -1.48855564325178e+001
 4.25867507886436e+000   -1.48855564325178e+001
 5.01577287066246e+000   -1.48539857932123e+001
 5.77287066246056e+000   -1.47908445146014e+001
 6.51945320715037e+000   -1.46750855038148e+001
 7.24500525762355e+000   -1.44751381215470e+001
 7.96004206098844e+000   -1.42120494606682e+001
 8.65404837013669e+000   -1.39068666140489e+001
 9.33753943217665e+000   -1.35806366745593e+001
 1.00000000000000e+001   -1.32123125493291e+001
 1.06309148264984e+001   -1.28018942383583e+001
 1.12618296529969e+001   -1.23809523809524e+001
 1.18927444794953e+001   -1.19494869771113e+001
 1.25131440588854e+001   -1.15180215732702e+001
 1.31440588853838e+001   -1.10970797158642e+001
 1.38065194532072e+001   -1.07182320441989e+001
 1.45005257623554e+001   -1.04130491975796e+001
 1.52365930599369e+001   -1.01920547224415e+001
 1.59726603575184e+001   -1.00236779794791e+001
 1.67192429022082e+001   -9.91844251512760e+000
 1.74658254468980e+001   -9.83425414364641e+000
 1.82124079915878e+001   -9.73954222573007e+000
 1.89589905362776e+001   -9.65535385424889e+000
 1.97055730809674e+001   -9.55011838989739e+000
 2.04416403785489e+001   -9.39226519337017e+000
 2.11671924290221e+001   -9.17127071823204e+000
 2.18717139852787e+001   -8.90818205735333e+000
 2.25552050473186e+001   -8.57142857142858e+000
 2.31861198738170e+001   -8.16101026045778e+000
 2.37749737118822e+001   -7.67692712444094e+000
 2.42902208201893e+001   -7.11917916337806e+000
 2.47318611987382e+001   -6.49828992370429e+000
 2.50893796004206e+001   -5.83530649828992e+000
 2.53732912723449e+001   -5.13022888713497e+000
 2.56151419558360e+001   -4.41462772954486e+000
 2.58149316508938e+001   -3.67797947908446e+000
 2.59831756046267e+001   -2.94133122862404e+000
 2.61303890641430e+001   -2.19415943172849e+000
 2.62565720294427e+001   -1.44698763483294e+000
 2.63617245005258e+001   -6.99815837937386e-001
 2.64879074658254e+001    4.73559589581640e-002
 2.66246056782334e+001    7.84004209418583e-001
 2.67823343848580e+001    1.53117600631413e+000
 2.69505783385910e+001    2.26782425677454e+000
 2.71083070452156e+001    3.00447250723494e+000
 2.72555205047319e+001    3.75164430413049e+000
 2.73922187171399e+001    4.48829255459090e+000
 2.75078864353312e+001    5.23546435148646e+000
 2.75814931650894e+001    5.98263614838200e+000
 2.76445846477392e+001    6.74033149171271e+000
 2.76866456361725e+001    7.49802683504342e+000
 2.76866456361725e+001    8.25572217837411e+000
 2.76235541535226e+001    9.01341752170481e+000
 2.74658254468980e+001    9.75006577216523e+000
 2.71924290220820e+001    1.04551433833202e+001
 2.68138801261830e+001    1.10970797158642e+001
 2.63617245005258e+001    1.16969218626677e+001
 2.58780231335436e+001    1.22862404630361e+001
 2.54258675078864e+001    1.29071297027098e+001
 2.50998948475289e+001    1.35911602209945e+001
 2.50157728706625e+001    1.43488555643252e+001
 2.52365930599369e+001    1.33491186529861e+001
 2.50262881177708e+001    1.40752433570113e+001
 