 1.67507886435331e+001   -2.69928966061563e+000
 1.71293375394322e+001   -2.88871349644830e+000
 1.86435331230284e+001   -3.45698500394633e+000
 1.97791798107256e+001   -3.55169692186267e+000
 2.07255520504732e+001   -3.07813733228098e+000
 2.14826498422713e+001   -2.50986582478296e+000
 2.19558359621451e+001   -1.65745856353591e+000
 2.22397476340694e+001   -8.99763220205209e-001
 2.26182965299685e+001    4.73559589581640e-002
 2.29968454258675e+001    8.05051302288867e-001
 2.31861198738170e+001    1.46803472770323e+000
 2.35646687697161e+001    2.32044198895028e+000
 2.39432176656151e+001    3.26756116811365e+000
 2.41324921135647e+001    3.74112075769534e+000
 2.42271293375394e+001    4.21468034727704e+000
 2.44164037854890e+001    6.10891870560378e+000
 2.43217665615142e+001    6.67719021310182e+000
 2.42271293375394e+001    7.15074980268351e+000
 2.40378548895899e+001    7.52959747434885e+000
 2.38485804416404e+001    7.90844514601420e+000
 2.34700315457413e+001    8.28729281767956e+000
 2.30914826498423e+001    8.66614048934491e+000
 2.23343848580442e+001    9.04498816101027e+000
 2.16719242902208e+001    9.13970007892661e+000
 2.11041009463722e+001    9.23441199684294e+000
 2.02523659305994e+001    9.13970007892661e+000
 1.90220820189274e+001    9.04498816101027e+000
 1.76025236593060e+001    8.85556432517758e+000
 1.67507886435331e+001    8.57142857142857e+000
 1.58044164037855e+001    7.90844514601420e+000
 1.46687697160883e+001    6.58247829518548e+000
 1.38170347003155e+001    5.35122336227307e+000
 1.33543638275499e+001    4.75138121546961e+000
 1.31545741324921e+001    4.21468034727704e+000
 1.29652996845426e+001    3.17284925019732e+000
 1.30599369085174e+001    2.13101815311759e+000
 1.33438485804416e+001    1.27861089187056e+000
 1.38170347003155e+001    5.20915548539861e-001
 1.42902208201893e+001   -2.36779794790849e-001
 1.47634069400631e+001   -8.05051302288867e-001
 1.53312302839117e+001   -1.37332280978690e+000
 1.58044164037855e+001   -1.94159431728492e+000
 1.62776025236593e+001   -2.32044198895028e+000
 1.67507886435331e+001   -2.69928966061563e+000
