 4.65194532071504e+001    8.20310444619837e+000
 4.68454258675079e+001    8.88713496448302e+000
 4.73396424815983e+001    9.47645356485135e+000
 4.78969505783386e+001    1.00342015259142e+001
 4.83596214511041e+001    1.06340436727177e+001
 4.85699263932702e+001    1.13075506445672e+001
 4.84542586750789e+001    1.19915811628519e+001
 4.80757097791798e+001    1.26440410418311e+001
 4.75920084121977e+001    1.32438831886346e+001
 4.70977917981073e+001    1.38226782425677e+001
 4.66561514195584e+001    1.44330439358064e+001
 4.62670872765510e+001    1.50855038147856e+001
 4.58885383806519e+001    1.57484872402000e+001
 4.54784437434280e+001    1.63904235727440e+001
 4.50262881177708e+001    1.70007892659826e+001
 4.45636172450053e+001    1.76006314127861e+001
 4.41535226077813e+001    1.82320441988950e+001
 4.38590956887487e+001    1.89265982636148e+001
 4.36908517350158e+001    1.96632465140752e+001
 4.36277602523659e+001    2.04209418574060e+001
 4.35962145110410e+001    2.11786372007367e+001
 4.35015772870662e+001    2.19363325440673e+001
 4.32702418506835e+001    2.26519337016575e+001
 4.28811777076761e+001    2.32833464877664e+001
 4.23659305993691e+001    2.38200473559590e+001
 4.17770767613039e+001    2.43146540384110e+001
 4.12092534174553e+001    2.48197842672981e+001
 4.07045215562566e+001    2.53670086819258e+001
 4.02628811777077e+001    2.59773743751644e+001
 3.98527865404837e+001    2.66193107077085e+001
 3.94532071503680e+001    2.72612470402526e+001
 3.90641430073607e+001    2.79137069192318e+001
 3.87066246056782e+001    2.85766903446462e+001
 3.84227129337539e+001    2.92817679558011e+001
 3.82544689800210e+001    3.00184162062615e+001
 3.81913774973712e+001    3.07761115495922e+001
 3.81598317560463e+001    3.15548539857932e+001
 3.80441640378549e+001    3.23125493291239e+001
 3.77076761303891e+001    3.29439621152328e+001
 3.71398527865405e+001    3.33859510655091e+001
 3.64353312302839e+001    3.36385161799526e+001
 3.56782334384858e+001    3.37542751907393e+001
 3.49106203995794e+001    3.38279400157853e+001
 3.41640378548896e+001    3.39121283872665e+001
 3.34174553101998e+001    3.40278873980532e+001
 3.26919032597266e+001    3.42173112338858e+001
 3.19873817034700e+001    3.45014469876348e+001
 3.13144058885384e+001    3.48592475664299e+001
 3.06729758149317e+001    3.52591423309655e+001
 3.00630914826498e+001    3.56906077348066e+001
 2.94847528916930e+001    3.61746908708235e+001
 2.89274447949527e+001    3.66798210997106e+001
 2.84016824395373e+001    3.72165219679032e+001
 2.79179810725552e+001    3.77953170218364e+001
 2.75078864353312e+001    3.84267298079453e+001
 2.71503680336488e+001    3.91002367797948e+001
 2.68559411146162e+001    3.98053143909497e+001
 2.66561514195584e+001    4.05314390949750e+001
 2.65615141955836e+001    4.12786108918706e+001
 2.65299684542587e+001    4.20363062352013e+001
 2.64984227129338e+001    4.27940015785320e+001
 2.64458464773922e+001    4.35516969218627e+001
 2.63512092534175e+001    4.42988687187582e+001
 2.61724500525762e+001    4.50355169692186e+001
 2.59095688748686e+001    4.57405945803736e+001
 2.55625657202944e+001    4.64035780057879e+001
 2.51314405888538e+001    4.70244672454617e+001
 2.46267087276551e+001    4.76137858458301e+001
 2.40588853838065e+001    4.81294396211523e+001
 2.33964248159832e+001    4.84872401999474e+001
 2.26813880126183e+001    4.85924756642989e+001
 2.19558359621451e+001    4.84556695606419e+001
 2.12513144058885e+001    4.81610102604578e+001
 2.05678233438486e+001    4.78453038674033e+001
 1.98527865404837e+001    4.75927387529597e+001
 1.91062039957939e+001    4.74454091028677e+001
 1.83491062039958e+001    4.74243620099974e+001
 1.75920084121977e+001    4.74980268350434e+001
 1.68559411146162e+001    4.76348329387003e+001
 1.61093585699264e+001    4.77926861352276e+001
 1.53522607781283e+001    4.79084451460142e+001
 1.45951629863302e+001    4.79084451460142e+001
 1.38590956887487e+001    4.77190213101815e+001
 1.32176656151420e+001    4.73296500920810e+001
 1.27444794952681e+001    4.67719021310182e+001
 1.24710830704522e+001    4.60773480662983e+001
 1.23659305993691e+001    4.53196527229676e+001
 1.23028391167192e+001    4.45619573796369e+001
 1.21451104100946e+001    4.38253091291765e+001
 1.18296529968454e+001    4.31518021573270e+001
 1.13564668769716e+001    4.25730071033938e+001
 1.07886435331230e+001    4.20678768745067e+001
 1.01997896950578e+001    4.15837937384899e+001
 9.62145110410095e+000    4.10997106024730e+001
 9.06414300736068e+000    4.05945803735859e+001
 8.51735015772871e+000    4.00684030518285e+001
 7.96004206098844e+000    3.95632728229413e+001
 7.36067297581493e+000    3.91107603262300e+001
 6.70872765509989e+000    3.87319126545646e+001
 6.00420609884333e+000    3.84372533543804e+001
 5.26813880126183e+000    3.82162588792423e+001
 4.53207150368034e+000    3.80584056827151e+001
 3.78548895899054e+000    3.79426466719284e+001
 3.03890641430073e+000    3.78795053933175e+001
 2.28180862250262e+000    3.78795053933175e+001
 1.52471083070452e+000    3.79531702183636e+001
 7.78128286014720e-001    3.81004998684557e+001
 5.25762355415367e-002    3.83214943435938e+001
-6.30914826498419e-001    3.86266771902131e+001
-1.29337539432177e+000    3.89844777690082e+001
-1.94532071503680e+000    3.93633254406735e+001
-2.62881177707676e+000    3.96895553801631e+001
-3.34384858044164e+000    3.99210734017364e+001
-4.09043112513143e+000    4.00368324125230e+001
-4.84752891692955e+000    4.00473559589582e+001
-5.59411146161935e+000    3.99631675874770e+001
-6.34069400630915e+000    3.98263614838201e+001
-7.07676130389063e+000    3.96790318337280e+001
-7.82334384858045e+000    3.95527492765062e+001
-8.58044164037855e+000    3.94685609050250e+001
-9.33753943217665e+000    3.94475138121547e+001
-1.00946372239748e+001    3.94790844514602e+001
-1.08517350157729e+001    3.95422257300710e+001
-1.16088328075710e+001    3.96158905551171e+001
-1.23554153522608e+001    3.96790318337280e+001
-1.31125131440589e+001    3.97316495659037e+001
-1.38696109358570e+001    3.97526966587740e+001
-1.46267087276551e+001    3.97316495659037e+001
-1.53838065194532e+001    3.97000789265983e+001
-1.61409043112513e+001    3.96790318337280e+001
-1.68980021030494e+001    3.96685082872928e+001
-1.76550998948475e+001    3.97000789265983e+001
-1.84016824395373e+001    3.97737437516443e+001
-1.91482649842271e+001    3.99000263088661e+001
-1.98948475289169e+001    4.00473559589582e+001
-2.06414300736067e+001    4.01736385161799e+001
-2.13985278654048e+001    4.02262562483557e+001
-2.21451104100946e+001    4.01631149697448e+001
-2.28811777076761e+001    3.99842146803473e+001
-2.35646687697161e+001    3.96685082872928e+001
-2.41955835962145e+001    3.92475664298869e+001
-2.47949526813880e+001    3.87740068403052e+001
-2.53522607781283e+001    3.82688766114181e+001
-2.58990536277603e+001    3.77532228360958e+001
-2.64563617245005e+001    3.72375690607735e+001
-2.70136698212408e+001    3.67324388318863e+001
-2.75604626708728e+001    3.62062615101289e+001
-2.80757097791798e+001    3.56590370955012e+001
-2.85594111461619e+001    3.50802420415680e+001
-2.90220820189274e+001    3.44698763483294e+001
-2.94742376445846e+001    3.38700342015259e+001
-2.99579390115668e+001    3.32912391475927e+001
-3.04837013669821e+001    3.27440147329650e+001
-3.10515247108307e+001    3.22388845040779e+001
-3.16614090431125e+001    3.17968955538016e+001
-3.22923238696109e+001    3.13864772428308e+001
-3.29232386961094e+001    3.09655353854249e+001
-3.35331230283912e+001    3.05235464351486e+001
-3.41009463722397e+001    3.00078926598264e+001
-3.45636172450052e+001    2.94080505130229e+001
-3.48370136698212e+001    2.87240199947382e+001
-3.49316508937960e+001    2.79768481978427e+001
-3.50262881177708e+001    2.72191528545120e+001
-3.52681388012618e+001    2.65245987897922e+001
-3.57202944269190e+001    2.59352801894238e+001
-3.62986330178759e+001    2.54406735069719e+001
-3.69085173501577e+001    2.49881610102605e+001
-3.74973711882229e+001    2.45146014206788e+001
-3.80546792849632e+001    2.39989476453565e+001
-3.85909568874869e+001    2.34622467771639e+001
-3.90956887486856e+001    2.29044988161010e+001
-3.95793901156677e+001    2.23257037621678e+001
-4.00525762355415e+001    2.17363851617995e+001
-4.04942166140904e+001    2.11260194685609e+001
-4.08937960042061e+001    2.04946066824520e+001
-4.12723449001052e+001    1.98421468034728e+001
-4.16719242902208e+001    1.92002104709287e+001
-4.21135646687697e+001    1.85898447776901e+001
-4.26288117770768e+001    1.80320968166272e+001
-4.32071503680336e+001    1.75480136806104e+001
-4.38275499474238e+001    1.71165482767693e+001
-4.44374342797056e+001    1.66640357800579e+001
-4.49737118822292e+001    1.61378584583004e+001
-4.53838065194532e+001    1.55169692186267e+001
-4.56572029442692e+001    1.48224151539069e+001
-4.58990536277603e+001    1.40962904498816e+001
-4.62145110410095e+001    1.34122599315969e+001
-4.66666666666667e+001    1.28124177847935e+001
-4.72450052576235e+001    1.23493817416469e+001
-4.79179810725552e+001    1.20021047092870e+001
-4.86225026288118e+001    1.17179689555380e+001
-4.93165089379601e+001    1.13917390160484e+001
-4.99158780231335e+001    1.09392265193370e+001
-5.03364879074658e+001    1.03499079189687e+001
-5.05888538380652e+001    9.64483030781373e+000
-5.07045215562566e+001    8.88713496448302e+000
-5.07570977917981e+001    8.12943962115233e+000
-5.07676130389064e+001    7.37174427782162e+000
-5.07676130389064e+001    6.61404893449091e+000
-5.07781282860147e+001    5.85635359116023e+000
-5.07676130389064e+001    5.09865824782952e+000
-5.06624605678233e+001    4.35148645093396e+000
-5.04311251314406e+001    3.62536174690870e+000
-5.00841219768665e+001    2.95185477505919e+000
-4.96529968454259e+001    2.33096553538543e+000
-4.91903259726604e+001    1.73112338858196e+000
-4.87381703470032e+001    1.12075769534333e+000
-4.83911671924290e+001    4.47250723493816e-001
-4.82124079915878e+001   -2.89397526966589e-001
-4.82544689800210e+001   -1.03656932386214e+000
-4.84858044164038e+001   -1.74164693501710e+000
-4.88643533123028e+001   -2.39410681399632e+000
-4.93165089379601e+001   -2.99394896079979e+000
-4.98212407991588e+001   -3.56222046829782e+000
-5.03364879074658e+001   -4.11996842936070e+000
-5.08517350157729e+001   -4.67771639042358e+000
-5.13669821240799e+001   -5.22494080505130e+000
-5.18611987381703e+001   -5.79321231254933e+000
-5.23659305993691e+001   -6.36148382004735e+000
-5.28916929547844e+001   -6.90870823467508e+000
-5.34174553101998e+001   -7.45593264930281e+000
-5.39432176656151e+001   -7.99263351749539e+000
-5.44374342797056e+001   -8.56090502499342e+000
-5.49106203995794e+001   -9.16074717179690e+000
-5.53312302839117e+001   -9.79215995790582e+000
-5.56466876971609e+001   -1.04867140226256e+001
-5.58569926393270e+001   -1.12233622730860e+001
-5.59936908517350e+001   -1.19705340699816e+001
-5.60883280757098e+001   -1.27282294133123e+001
-5.62039957939012e+001   -1.34754012102078e+001
-5.63932702418507e+001   -1.42120494606682e+001
-5.66561514195584e+001   -1.49276506182583e+001
-5.69400630914827e+001   -1.56327282294133e+001
-5.72555205047319e+001   -1.63272822941331e+001
-5.75709779179811e+001   -1.70113128124178e+001
-5.78548895899054e+001   -1.77058668771376e+001
-5.80757097791798e+001   -1.84319915811629e+001
-5.82124079915878e+001   -1.91791633780584e+001
-5.82439537329127e+001   -1.99368587213891e+001
-5.81913774973712e+001   -2.06945540647198e+001
-5.80862250262881e+001   -2.14417258616154e+001
-5.79495268138801e+001   -2.21888976585109e+001
-5.78128286014721e+001   -2.29360694554065e+001
-5.76971608832808e+001   -2.36832412523020e+001
-5.76130389064143e+001   -2.44409365956327e+001
-5.75289169295478e+001   -2.51986319389634e+001
-5.74132492113565e+001   -2.59458037358590e+001
-5.72450052576235e+001   -2.66929755327545e+001
-5.70241850683491e+001   -2.74085766903446e+001
-5.67718191377497e+001   -2.81136543014996e+001
-5.65194532071504e+001   -2.88292554590897e+001
-5.62986330178759e+001   -2.95448566166798e+001
-5.60988433228181e+001   -3.02815048671402e+001
-5.58359621451104e+001   -3.10076295711655e+001
-5.54258675078864e+001   -3.16285188108393e+001
-5.48159831756046e+001   -3.20599842146803e+001
-5.40799158780231e+001   -3.22073138647724e+001
-5.33543638275499e+001   -3.20494606682452e+001
-5.27865404837014e+001   -3.15969481715338e+001
-5.24921135646688e+001   -3.09444882925546e+001
-5.23974763406940e+001   -3.01973164956590e+001
-5.23449001051525e+001   -2.94290976058932e+001
-5.21556256572029e+001   -2.87029729018679e+001
-5.17770767613039e+001   -2.80715601157590e+001
-5.12407991587802e+001   -2.75664298868719e+001
-5.05993690851735e+001   -2.71665351223362e+001
-4.99053627760252e+001   -2.68508287292818e+001
-4.92113564668770e+001   -2.65456458826625e+001
-4.85383806519453e+001   -2.62088923967377e+001
-4.78759200841220e+001   -2.58405682715075e+001
-4.72239747634069e+001   -2.54722441462773e+001
-4.65299684542587e+001   -2.51775848460931e+001
-4.57939011566772e+001   -2.50407787424362e+001
-4.50473186119874e+001   -2.50723493817416e+001
-4.43007360672976e+001   -2.52196790318337e+001
-4.35751840168244e+001   -2.54301499605367e+001
-4.28601472134595e+001   -2.56616679821100e+001
-4.21345951629863e+001   -2.59142330965535e+001
-4.14300736067298e+001   -2.61983688503026e+001
-4.07465825446898e+001   -2.65140752433570e+001
-4.00736067297581e+001   -2.68613522757169e+001
-3.94111461619348e+001   -2.72191528545120e+001
-3.87486855941115e+001   -2.75664298868719e+001
-3.80546792849632e+001   -2.78821362799263e+001
-3.73396424815983e+001   -2.81031307550645e+001
-3.65930599369085e+001   -2.82083662194159e+001
-3.58359621451104e+001   -2.82294133122862e+001
-3.50788643533123e+001   -2.82504604051565e+001
-3.43217665615142e+001   -2.83241252302026e+001
-3.35751840168244e+001   -2.84925019731650e+001
-3.29127234490010e+001   -2.88397790055249e+001
-3.24185068349106e+001   -2.93659563272823e+001
-3.21030494216614e+001   -3.00184162062615e+001
-3.18506834910620e+001   -3.07445409102868e+001
-3.15036803364879e+001   -3.14285714285714e+001
-3.09674027339642e+001   -3.19337016574586e+001
-3.02944269190326e+001   -3.21967903183373e+001
-2.95478443743428e+001   -3.22599315969482e+001
-2.87697160883281e+001   -3.22178374112076e+001
-2.79915878023134e+001   -3.21862667719021e+001
-2.72555205047319e+001   -3.23230728755591e+001
-2.66561514195584e+001   -3.27124440936596e+001
-2.62565720294427e+001   -3.33122862404630e+001
-2.59831756046267e+001   -3.40278873980531e+001
-2.57413249211356e+001   -3.47645356485136e+001
-2.53838065194532e+001   -3.54275190739279e+001
-2.48475289169295e+001   -3.59116022099448e+001
-2.41745531019979e+001   -3.61746908708235e+001
-2.34174553101998e+001   -3.62694027887398e+001
-2.26498422712934e+001   -3.63009734280453e+001
-2.19032597266036e+001   -3.63851617995264e+001
-2.11671924290221e+001   -3.65430149960537e+001
-2.04521556256572e+001   -3.67850565640621e+001
-1.97581493165089e+001   -3.71007629571165e+001
-1.90641430073607e+001   -3.74059458037359e+001
-1.83385909568875e+001   -3.76058931860037e+001
-1.75814931650894e+001   -3.76374638253091e+001
-1.68454258675079e+001   -3.74796106287819e+001
-1.61829652996846e+001   -3.71323335964220e+001
-1.56256572029443e+001   -3.66377269139700e+001
-1.51629863301788e+001   -3.60378847671665e+001
-1.47213459516299e+001   -3.54064719810576e+001
-1.41955835962145e+001   -3.48487240199947e+001
-1.35646687697161e+001   -3.44593528018942e+001
-1.28496319663512e+001   -3.42909760589319e+001
-1.21030494216614e+001   -3.43435937911076e+001
-1.13774973711882e+001   -3.45751118126809e+001
-1.07255520504732e+001   -3.49539594843462e+001
-1.01997896950578e+001   -3.54906603525388e+001
-9.82124079915877e+000   -3.61536437779532e+001
-9.46372239747633e+000   -3.68481978426730e+001
-9.00105152471083e+000   -3.74164693501710e+001
-8.38065194532071e+000   -3.77532228360958e+001
-7.64458464773922e+000   -3.79005524861878e+001
-6.88748685594112e+000   -3.80163114969745e+001
-6.17245005257624e+000   -3.82267824256775e+001
-5.52050473186121e+000   -3.85951065509077e+001
-4.95268138801262e+000   -3.90791896869245e+001
-4.43743427970557e+000   -3.96369376479874e+001
-3.88012618296530e+000   -4.01841620626151e+001
-3.24921135646689e+000   -4.06051039200211e+001
-2.55520504731861e+000   -4.07524335701131e+001
-1.86119873817035e+000   -4.05840568271507e+001
-1.25131440588854e+000   -4.01631149697448e+001
-7.36067297581492e-001   -3.95948434622468e+001
-2.83911671924287e-001   -3.89739542225730e+001
 1.36698212407985e-001   -3.83425414364641e+001
 5.88853838065191e-001   -3.77321757432255e+001
 1.08307045215562e+000   -3.71639042357274e+001
 1.62986330178759e+000   -3.66587740068403e+001
 2.23974763406940e+000   -3.62167850565641e+001
 2.92323869610936e+000   -3.58800315706393e+001
 3.64879074658254e+000   -3.56590370955012e+001
 4.38485804416403e+000   -3.55117074454091e+001
 5.13144058885383e+000   -3.54064719810576e+001
 5.87802313354364e+000   -3.53117600631413e+001
 6.62460567823344e+000   -3.51960010523546e+001
 7.36067297581493e+000   -3.50486714022626e+001
 8.10725552050474e+000   -3.49013417521705e+001
 8.84332281808623e+000   -3.47329650092081e+001
 9.57939011566772e+000   -3.45435411733754e+001
 1.03049421661409e+001   -3.43330702446725e+001
 1.10304942166141e+001   -3.41331228624046e+001
 1.17770767613039e+001   -3.39857932123126e+001
 1.25341745531020e+001   -3.39016048408314e+001
 1.32912723449001e+001   -3.38489871086556e+001
 1.40483701366982e+001   -3.38068929229150e+001
 1.48054679284963e+001   -3.37647987371744e+001
 1.55520504731861e+001   -3.36700868192581e+001
 1.62881177707676e+001   -3.35227571691660e+001
 1.70241850683491e+001   -3.33333333333333e+001
 1.77497371188223e+001   -3.31123388581952e+001
 1.84647739221872e+001   -3.28702972901868e+001
 1.91903259726604e+001   -3.26282557221784e+001
 1.99158780231335e+001   -3.24177847934754e+001
 2.06624605678233e+001   -3.22704551433833e+001
 2.14195583596214e+001   -3.21862667719021e+001
 2.21766561514196e+001   -3.21441725861615e+001
 2.29337539432177e+001   -3.20915548539858e+001
 2.36908517350158e+001   -3.20073664825046e+001
 2.44374342797056e+001   -3.19126545645883e+001
 2.51840168243954e+001   -3.18074191002368e+001
 2.59305993690852e+001   -3.16706129965798e+001
 2.66771819137750e+001   -3.15338068929229e+001
 2.74237644584648e+001   -3.14390949750066e+001
 2.81808622502629e+001   -3.13759536963957e+001
 2.89379600420610e+001   -3.13443830570902e+001
 2.96950578338591e+001   -3.13759536963957e+001
 3.04521556256572e+001   -3.14496185214417e+001
 3.11987381703470e+001   -3.15759010786635e+001
 3.19242902208202e+001   -3.17653249144962e+001
 3.26498422712934e+001   -3.19968429360695e+001
 3.33753943217666e+001   -3.22073138647724e+001
 3.41114616193480e+001   -3.23651670612997e+001
 3.48580441640379e+001   -3.24598789792160e+001
 3.56151419558360e+001   -3.25019731649566e+001
 3.63722397476341e+001   -3.25124967113917e+001
 3.71293375394322e+001   -3.24598789792160e+001
 3.78548895899054e+001   -3.22599315969482e+001
 3.85278654048370e+001   -3.18810839252828e+001
 3.90325972660358e+001   -3.13233359642199e+001
 3.92429022082019e+001   -3.06393054459353e+001
 3.91167192429022e+001   -2.99342278347803e+001
 3.87592008412198e+001   -2.92817679558011e+001
 3.82965299684543e+001   -2.86503551696922e+001
 3.79179810725552e+001   -2.79768481978427e+001
 3.77392218717140e+001   -2.72507234938174e+001
 3.78338590956888e+001   -2.65245987897922e+001
 3.81703470031546e+001   -2.58510918179426e+001
 3.87171398527865e+001   -2.53249144961852e+001
 3.94006309148265e+001   -2.49986845566956e+001
 4.01366982124080e+001   -2.47882136279926e+001
 4.08307045215563e+001   -2.45146014206788e+001
 4.13669821240799e+001   -2.40515653775322e+001
 4.17560462670873e+001   -2.34306761378585e+001
 4.21135646687697e+001   -2.27571691660089e+001
 4.25341745531020e+001   -2.21257563799000e+001
 4.30178759200841e+001   -2.15469613259668e+001
 4.35646687697161e+001   -2.10313075506446e+001
 4.41324921135647e+001   -2.05367008681926e+001
 4.46792849631966e+001   -2.00210470928703e+001
 4.51840168243954e+001   -1.94527755853723e+001
 4.56151419558360e+001   -1.88318863456985e+001
 4.59621451104101e+001   -1.81583793738490e+001
 4.62670872765510e+001   -1.74638253091292e+001
 4.65194532071504e+001   -1.67482241515391e+001
 4.66456361724501e+001   -1.60115759010787e+001
 4.65825446898002e+001   -1.52749276506183e+001
 4.63512092534175e+001   -1.45488029465930e+001
 4.60988433228181e+001   -1.38332017890029e+001
 4.59621451104101e+001   -1.30965535385425e+001
 4.59831756046267e+001   -1.23493817416469e+001
 4.61093585699264e+001   -1.16022099447514e+001
 4.62776025236593e+001   -1.08550381478558e+001
 4.64248159831756e+001   -1.01183898973954e+001
 4.65194532071504e+001   -9.36069455406471e+000
 4.65299684542587e+001   -8.60299921073402e+000
 4.64668769716088e+001   -7.84530386740332e+000
 4.63932702418507e+001   -7.09813207050776e+000
 4.63722397476341e+001   -6.34043672717706e+000
 4.64143007360673e+001   -5.58274138384636e+000
 4.65299684542587e+001   -4.83556958695080e+000
 4.67507886435331e+001   -4.10944488292554e+000
 4.70872765509990e+001   -3.42541436464088e+000
 4.74868559411146e+001   -2.78347803209682e+000
 4.78864353312303e+001   -2.14154169955275e+000
 4.81703470031546e+001   -1.44698763483294e+000
 4.83070452155626e+001   -6.99815837937386e-001
 4.83070452155626e+001    5.78795053933163e-002
 4.82439537329127e+001    8.05051302288867e-001
 4.81282860147213e+001    1.55222309918442e+000
 4.79705573080967e+001    2.29939489607997e+000
 4.77497371188223e+001    3.01499605367009e+000
 4.74763406940063e+001    3.72007366482504e+000
 4.71608832807571e+001    4.40410418310971e+000
 4.68559411146162e+001    5.09865824782952e+000
 4.65825446898002e+001    5.80373585898447e+000
 4.64143007360673e+001    6.54038410944487e+000
 4.63932702418507e+001    7.29807945277558e+000
 4.65089379600421e+001    8.04525124967114e+000
 4.63827549947424e+001    7.45593264930281e+000
 4.65194532071504e+001    8.20310444619837e+000
 