-4.65194532071504e+001    8.20310444619837e+000
-4.68454258675079e+001    8.88713496448302e+000
-4.73396424815983e+001    9.47645356485135e+000
-4.78969505783386e+001    1.00342015259142e+001
-4.83596214511041e+001    1.06340436727177e+001
-4.85699263932702e+001    1.13075506445672e+001
-4.84542586750789e+001    1.19915811628519e+001
-4.80757097791798e+001    1.26440410418311e+001
-4.75920084121977e+001    1.32438831886346e+001
-4.70977917981073e+001    1.38226782425677e+001
-4.66561514195584e+001    1.44330439358064e+001
-4.62670872765510e+001    1.50855038147856e+001
-4.58885383806519e+001    1.57484872402000e+001
-4.54784437434280e+001    1.63904235727440e+001
-4.50262881177708e+001    1.70007892659826e+001
-4.45636172450053e+001    1.76006314127861e+001
-4.41535226077813e+001    1.82320441988950e+001
-4.38590956887487e+001    1.89265982636148e+001
-4.36908517350158e+001    1.96632465140752e+001
-4.36277602523659e+001    2.04209418574060e+001
-4.35962145110410e+001    2.11786372007367e+001
-4.35015772870662e+001    2.19363325440673e+001
-4.32702418506835e+001    2.26519337016575e+001
-4.28811777076761e+001    2.32833464877664e+001
-4.23659305993691e+001    2.38200473559590e+001
-4.17770767613039e+001    2.43146540384110e+001
-4.12092534174553e+001    2.48197842672981e+001
-4.07045215562566e+001    2.53670086819258e+001
-4.02628811777077e+001    2.59773743751644e+001
-3.98527865404837e+001    2.66193107077085e+001
-3.94532071503680e+001    2.72612470402526e+001
-3.90641430073607e+001    2.79137069192318e+001
-3.87066246056782e+001    2.85766903446462e+001
-3.84227129337539e+001    2.92817679558011e+001
-3.82544689800210e+001    3.00184162062615e+001
-3.81913774973712e+001    3.07761115495922e+001
-3.81598317560463e+001    3.15548539857932e+001
-3.80441640378549e+001    3.23125493291239e+001
-3.77076761303891e+001    3.29439621152328e+001
-3.71398527865405e+001    3.33859510655091e+001
-3.64353312302839e+001    3.36385161799526e+001
-3.56782334384858e+001    3.37542751907393e+001
-3.49106203995794e+001    3.38279400157853e+001
-3.41640378548896e+001    3.39121283872665e+001
-3.34174553101998e+001    3.40278873980532e+001
-3.26919032597266e+001    3.42173112338858e+001
-3.19873817034700e+001    3.45014469876348e+001
-3.13144058885384e+001    3.48592475664299e+001
-3.06729758149317e+001    3.52591423309655e+001
-3.00630914826498e+001    3.56906077348066e+001
-2.94847528916930e+001    3.61746908708235e+001
-2.89274447949527e+001    3.66798210997106e+001
-2.84016824395373e+001    3.72165219679032e+001
-2.79179810725552e+001    3.77953170218364e+001
-2.75078864353312e+001    3.84267298079453e+001
-2.71503680336488e+001    3.91002367797948e+001
-2.68559411146162e+001    3.98053143909497e+001
-2.66561514195584e+001    4.05314390949750e+001
-2.65615141955836e+001    4.12786108918706e+001
-2.65299684542587e+001    4.20363062352013e+001
-2.64984227129338e+001    4.27940015785320e+001
-2.64458464773922e+001    4.35516969218627e+001
-2.63512092534175e+001    4.42988687187582e+001
-2.61724500525762e+001    4.50355169692186e+001
-2.59095688748686e+001    4.57405945803736e+001
-2.55625657202944e+001    4.64035780057879e+001
-2.51314405888538e+001    4.70244672454617e+001
-2.46267087276551e+001    4.76137858458301e+001
-2.40588853838065e+001    4.81294396211523e+001
-2.33964248159832e+001    4.84872401999474e+001
-2.26813880126183e+001    4.85924756642989e+001
-2.19558359621451e+001    4.84556695606419e+001
-2.12513144058885e+001    4.81610102604578e+001
-2.05678233438486e+001    4.78453038674033e+001
-1.98527865404837e+001    4.75927387529597e+001
-1.91062039957939e+001    4.74454091028677e+001
-1.83491062039958e+001    4.74243620099974e+001
-1.75920084121977e+001    4.74980268350434e+001
-1.68559411146162e+001    4.76348329387003e+001
-1.61093585699264e+001    4.77926861352276e+001
-1.53522607781283e+001    4.79084451460142e+001
-1.45951629863302e+001    4.79084451460142e+001
-1.38590956887487e+001    4.77190213101815e+001
-1.32176656151420e+001    4.73296500920810e+001
-1.27444794952681e+001    4.67719021310182e+001
-1.24710830704522e+001    4.60773480662983e+001
-1.23659305993691e+001    4.53196527229676e+001
-1.23028391167192e+001    4.45619573796369e+001
-1.21451104100946e+001    4.38253091291765e+001
-1.18296529968454e+001    4.31518021573270e+001
-1.13564668769716e+001    4.25730071033938e+001
-1.07886435331230e+001    4.20678768745067e+001
-1.01997896950578e+001    4.15837937384899e+001
-9.62145110410095e+000    4.10997106024730e+001
-9.06414300736068e+000    4.05945803735859e+001
-8.51735015772871e+000    4.00684030518285e+001
-7.96004206098844e+000    3.95632728229413e+001
-7.36067297581493e+000    3.91107603262300e+001
-6.70872765509989e+000    3.87319126545646e+001
-6.00420609884333e+000    3.84372533543804e+001
-5.26813880126183e+000    3.82162588792423e+001
-4.53207150368034e+000    3.80584056827151e+001
-3.78548895899054e+000    3.79426466719284e+001
-3.03890641430073e+000    3.78795053933175e+001
-2.28180862250262e+000    3.78795053933175e+001
-1.52471083070452e+000    3.79531702183636e+001
-7.78128286014720e-001    3.81004998684557e+001
-5.25762355415367e-002    3.83214943435938e+001
 6.30914826498419e-001    3.86266771902131e+001
 1.29337539432177e+000    3.89844777690082e+001
 1.94532071503680e+000    3.93633254406735e+001
 2.62881177707676e+000    3.96895553801631e+001
 3.34384858044164e+000    3.99210734017364e+001
 4.09043112513143e+000    4.00368324125230e+001
 4.84752891692955e+000    4.00473559589582e+001
 5.59411146161935e+000    3.99631675874770e+001
 6.34069400630915e+000    3.98263614838201e+001
 7.07676130389063e+000    3.96790318337280e+001
 7.82334384858045e+000    3.95527492765062e+001
 8.58044164037855e+000    3.94685609050250e+001
 9.33753943217665e+000    3.94475138121547e+001
 1.00946372239748e+001    3.94790844514602e+001
 1.08517350157729e+001    3.95422257300710e+001
 1.16088328075710e+001    3.96158905551171e+001
 1.23554153522608e+001    3.96790318337280e+001
 1.31125131440589e+001    3.97316495659037e+001
 1.38696109358570e+001    3.97526966587740e+001
 1.46267087276551e+001    3.97316495659037e+001
 1.53838065194532e+001    3.97000789265983e+001
 1.61409043112513e+001    3.96790318337280e+001
 1.68980021030494e+001    3.96685082872928e+001
 1.76550998948475e+001    3.97000789265983e+001
 1.84016824395373e+001    3.97737437516443e+001
 1.91482649842271e+001    3.99000263088661e+001
 1.98948475289169e+001    4.00473559589582e+001
 2.06414300736067e+001    4.01736385161799e+001
 2.13985278654048e+001    4.02262562483557e+001
 2.21451104100946e+001    4.01631149697448e+001
 2.28811777076761e+001    3.99842146803473e+001
 2.35646687697161e+001    3.96685082872928e+001
 2.41955835962145e+001    3.92475664298869e+001
 2.47949526813880e+001    3.87740068403052e+001
 2.53522607781283e+001    3.82688766114181e+001
 2.58990536277603e+001    3.77532228360958e+001
 2.64563617245005e+001    3.72375690607735e+001
 2.70136698212408e+001    3.67324388318863e+001
 2.75604626708728e+001    3.62062615101289e+001
 2.80757097791798e+001    3.56590370955012e+001
 2.85594111461619e+001    3.50802420415680e+001
 2.90220820189274e+001    3.44698763483294e+001
 2.94742376445846e+001    3.38700342015259e+001
 2.99579390115668e+001    3.32912391475927e+001
 3.04837013669821e+001    3.27440147329650e+001
 3.10515247108307e+001    3.22388845040779e+001
 3.16614090431125e+001    3.17968955538016e+001
 3.22923238696109e+001    3.13864772428308e+001
 3.29232386961094e+001    3.09655353854249e+001
 3.35331230283912e+001    3.05235464351486e+001
 3.41009463722397e+001    3.00078926598264e+001
 3.45636172450052e+001    2.94080505130229e+001
 3.48370136698212e+001    2.87240199947382e+001
 3.49316508937960e+001    2.79768481978427e+001
 3.50262881177708e+001    2.72191528545120e+001
 3.52681388012618e+001    2.65245987897922e+001
 3.57202944269190e+001    2.59352801894238e+001
 3.62986330178759e+001    2.54406735069719e+001
 3.69085173501577e+001    2.49881610102605e+001
 3.74973711882229e+001    2.45146014206788e+001
 3.80546792849632e+001    2.39989476453565e+001
 3.85909568874869e+001    2.34622467771639e+001
 3.90956887486856e+001    2.29044988161010e+001
 3.95793901156677e+001    2.23257037621678e+001
 4.00525762355415e+001    2.17363851617995e+001
 4.04942166140904e+001    2.11260194685609e+001
 4.08937960042061e+001    2.04946066824520e+001
 4.12723449001052e+001    1.98421468034728e+001
 4.16719242902208e+001    1.92002104709287e+001
 4.21135646687697e+001    1.85898447776901e+001
 4.26288117770768e+001    1.80320968166272e+001
 4.32071503680336e+001    1.75480136806104e+001
 4.38275499474238e+001    1.71165482767693e+001
 4.44374342797056e+001    1.66640357800579e+001
 4.49737118822292e+001    1.61378584583004e+001
 4.53838065194532e+001    1.55169692186267e+001
 4.56572029442692e+001    1.48224151539069e+001
 4.58990536277603e+001    1.40962904498816e+001
 4.62145110410095e+001    1.34122599315969e+001
 4.66666666666667e+001    1.28124177847935e+001
 4.72450052576235e+001    1.23493817416469e+001
 4.79179810725552e+001    1.20021047092870e+001
 4.86225026288118e+001    1.17179689555380e+001
 4.93165089379601e+001    1.13917390160484e+001
 4.99158780231335e+001    1.09392265193370e+001
 5.03364879074658e+001    1.03499079189687e+001
 5.05888538380652e+001    9.64483030781373e+000
 5.07045215562566e+001    8.88713496448302e+000
 5.07570977917981e+001    8.12943962115233e+000
 5.07676130389064e+001    7.37174427782162e+000
 5.07676130389064e+001    6.61404893449091e+000
 5.07781282860147e+001    5.85635359116023e+000
 5.07676130389064e+001    5.09865824782952e+000
 5.06624605678233e+001    4.35148645093396e+000
 5.04311251314406e+001    3.62536174690870e+000
 5.00841219768665e+001    2.95185477505919e+000
 4.96529968454259e+001    2.33096553538543e+000
 4.91903259726604e+001    1.73112338858196e+000
 4.87381703470032e+001    1.12075769534333e+000
 4.83911671924290e+001    4.47250723493816e-001
 4.82124079915878e+001   -2.89397526966589e-001
 4.82544689800210e+001   -1.03656932386214e+000
 4.84858044164038e+001   -1.74164693501710e+000
 4.88643533123028e+001   -2.39410681399632e+000
 4.93165089379601e+001   -2.99394896079979e+000
 4.98212407991588e+001   -3.56222046829782e+000
 5.03364879074658e+001   -4.11996842936070e+000
 5.08517350157729e+001   -4.67771639042358e+000
 5.13669821240799e+001   -5.22494080505130e+000
 5.18611987381703e+001   -5.79321231254933e+000
 5.23659305993691e+001   -6.36148382004735e+000
 5.28916929547844e+001   -6.90870823467508e+000
 5.34174553101998e+001   -7.45593264930281e+000
 5.39432176656151e+001   -7.99263351749539e+000
 5.44374342797056e+001   -8.56090502499342e+000
 5.49106203995794e+001   -9.16074717179690e+000
 5.53312302839117e+001   -9.79215995790582e+000
 5.56466876971609e+001   -1.04867140226256e+001
 5.58569926393270e+001   -1.12233622730860e+001
 5.59936908517350e+001   -1.19705340699816e+001
 5.60883280757098e+001   -1.27282294133123e+001
 5.62039957939012e+001   -1.34754012102078e+001
 5.63932702418507e+001   -1.42120494606682e+001
 5.66561514195584e+001   -1.49276506182583e+001
 5.69400630914827e+001   -1.56327282294133e+001
 5.72555205047319e+001   -1.63272822941331e+001
 5.75709779179811e+001   -1.70113128124178e+001
 5.78548895899054e+001   -1.77058668771376e+001
 5.80757097791798e+001   -1.84319915811629e+001
 5.82124079915878e+001   -1.91791633780584e+001
 5.82439537329127e+001   -1.99368587213891e+001
 5.81913774973712e+001   -2.06945540647198e+001
 5.80862250262881e+001   -2.14417258616154e+001
 5.79495268138801e+001   -2.21888976585109e+001
 5.78128286014721e+001   -2.29360694554065e+001
 5.76971608832808e+001   -2.36832412523020e+001
 5.76130389064143e+001   -2.44409365956327e+001
 5.75289169295478e+001   -2.51986319389634e+001
 5.74132492113565e+001   -2.59458037358590e+001
 5.72450052576235e+001   -2.66929755327545e+001
 5.70241850683491e+001   -2.74085766903446e+001
 5.67718191377497e+001   -2.81136543014996e+001
 5.65194532071504e+001   -2.88292554590897e+001
 5.62986330178759e+001   -2.95448566166798e+001
 5.60988433228181e+001   -3.02815048671402e+001
 5.58359621451104e+001   -3.10076295711655e+001
 5.54258675078864e+001   -3.16285188108393e+001
 5.48159831756046e+001   -3.20599842146803e+001
 5.40799158780231e+001   -3.22073138647724e+001
 5.33543638275499e+001   -3.20494606682452e+001
 5.27865404837014e+001   -3.15969481715338e+001
 5.24921135646688e+001   -3.09444882925546e+001
 5.23974763406940e+001   -3.01973164956590e+001
 5.23449001051525e+001   -2.94290976058932e+001
 5.21556256572029e+001   -2.87029729018679e+001
 5.17770767613039e+001   -2.80715601157590e+001
 5.12407991587802e+001   -2.75664298868719e+001
 5.05993690851735e+001   -2.71665351223362e+001
 4.99053627760252e+001   -2.68508287292818e+001
 4.92113564668770e+001   -2.65456458826625e+001
 4.85383806519453e+001   -2.62088923967377e+001
 4.78759200841220e+001   -2.58405682715075e+001
 4.72239747634069e+001   -2.54722441462773e+001
 4.65299684542587e+001   -2.51775848460931e+001
 4.57939011566772e+001   -2.50407787424362e+001
 4.50473186119874e+001   -2.50723493817416e+001
 4.43007360672976e+001   -2.52196790318337e+001
 4.35751840168244e+001   -2.54301499605367e+001
 4.28601472134595e+001   -2.56616679821100e+001
 4.21345951629863e+001   -2.59142330965535e+001
 4.14300736067298e+001   -2.61983688503026e+001
 4.07465825446898e+001   -2.65140752433570e+001
 4.00736067297581e+001   -2.68613522757169e+001
 3.94111461619348e+001   -2.72191528545120e+001
 3.87486855941115e+001   -2.75664298868719e+001
 3.80546792849632e+001   -2.78821362799263e+001
 3.73396424815983e+001   -2.81031307550645e+001
 3.65930599369085e+001   -2.82083662194159e+001
 3.58359621451104e+001   -2.82294133122862e+001
 3.50788643533123e+001   -2.82504604051565e+001
 3.43217665615142e+001   -2.83241252302026e+001
 3.35751840168244e+001   -2.84925019731650e+001
 3.29127234490010e+001   -2.88397790055249e+001
 3.24185068349106e+001   -2.93659563272823e+001
 3.21030494216614e+001   -3.00184162062615e+001
 3.18506834910620e+001   -3.07445409102868e+001
 3.15036803364879e+001   -3.14285714285714e+001
 3.09674027339642e+001   -3.19337016574586e+001
 3.02944269190326e+001   -3.21967903183373e+001
 2.95478443743428e+001   -3.22599315969482e+001
 2.87697160883281e+001   -3.22178374112076e+001
 2.79915878023134e+001   -3.21862667719021e+001
 2.72555205047319e+001   -3.23230728755591e+001
 2.66561514195584e+001   -3.27124440936596e+001
 2.62565720294427e+001   -3.33122862404630e+001
 2.59831756046267e+001   -3.40278873980531e+001
 2.57413249211356e+001   -3.47645356485136e+001
 2.53838065194532e+001   -3.54275190739279e+001
 2.48475289169295e+001   -3.59116022099448e+001
 2.41745531019979e+001   -3.61746908708235e+001
 2.34174553101998e+001   -3.62694027887398e+001
 2.26498422712934e+001   -3.63009734280453e+001
 2.19032597266036e+001   -3.63851617995264e+001
 2.11671924290221e+001   -3.65430149960537e+001
 2.04521556256572e+001   -3.67850565640621e+001
 1.97581493165089e+001   -3.71007629571165e+001
 1.90641430073607e+001   -3.74059458037359e+001
 1.83385909568875e+001   -3.76058931860037e+001
 1.75814931650894e+001   -3.76374638253091e+001
 1.68454258675079e+001   -3.74796106287819e+001
 1.61829652996846e+001   -3.71323335964220e+001
 1.56256572029443e+001   -3.66377269139700e+001
 1.51629863301788e+001   -3.60378847671665e+001
 1.47213459516299e+001   -3.54064719810576e+001
 1.41955835962145e+001   -3.48487240199947e+001
 1.35646687697161e+001   -3.44593528018942e+001
 1.28496319663512e+001   -3.42909760589319e+001
 1.21030494216614e+001   -3.43435937911076e+001
 1.13774973711882e+001   -3.45751118126809e+001
 1.07255520504732e+001   -3.49539594843462e+001
 1.01997896950578e+001   -3.54906603525388e+001
 9.82124079915877e+000   -3.61536437779532e+001
 9.46372239747633e+000   -3.68481978426730e+001
 9.00105152471083e+000   -3.74164693501710e+001
 8.38065194532071e+000   -3.77532228360958e+001
 7.64458464773922e+000   -3.79005524861878e+001
 6.88748685594112e+000   -3.80163114969745e+001
 6.17245005257624e+000   -3.82267824256775e+001
 5.52050473186121e+000   -3.85951065509077e+001
 4.95268138801262e+000   -3.90791896869245e+001
 4.43743427970557e+000   -3.96369376479874e+001
 3.88012618296530e+000   -4.01841620626151e+001
 3.24921135646689e+000   -4.06051039200211e+001
 2.55520504731861e+000   -4.07524335701131e+001
 1.86119873817035e+000   -4.05840568271507e+001
 1.25131440588854e+000   -4.01631149697448e+001
 7.36067297581492e-001   -3.95948434622468e+001
 2.83911671924287e-001   -3.89739542225730e+001
-1.36698212407985e-001   -3.83425414364641e+001
-5.88853838065191e-001   -3.77321757432255e+001
-1.08307045215562e+000   -3.71639042357274e+001
-1.62986330178759e+000   -3.66587740068403e+001
-2.23974763406940e+000   -3.62167850565641e+001
-2.92323869610936e+000   -3.58800315706393e+001
-3.64879074658254e+000   -3.56590370955012e+001
-4.38485804416403e+000   -3.55117074454091e+001
-5.13144058885383e+000   -3.54064719810576e+001
-5.87802313354364e+000   -3.53117600631413e+001
-6.62460567823344e+000   -3.51960010523546e+001
-7.36067297581493e+000   -3.50486714022626e+001
-8.10725552050474e+000   -3.49013417521705e+001
-8.84332281808623e+000   -3.47329650092081e+001
-9.57939011566772e+000   -3.45435411733754e+001
-1.03049421661409e+001   -3.43330702446725e+001
-1.10304942166141e+001   -3.41331228624046e+001
-1.17770767613039e+001   -3.39857932123126e+001
-1.25341745531020e+001   -3.39016048408314e+001
-1.32912723449001e+001   -3.38489871086556e+001
-1.40483701366982e+001   -3.38068929229150e+001
-1.48054679284963e+001   -3.37647987371744e+001
-1.55520504731861e+001   -3.36700868192581e+001
-1.62881177707676e+001   -3.35227571691660e+001
-1.70241850683491e+001   -3.33333333333333e+001
-1.77497371188223e+001   -3.31123388581952e+001
-1.84647739221872e+001   -3.28702972901868e+001
-1.91903259726604e+001   -3.26282557221784e+001
-1.99158780231335e+001   -3.24177847934754e+001
-2.06624605678233e+001   -3.22704551433833e+001
-2.14195583596214e+001   -3.21862667719021e+001
-2.21766561514196e+001   -3.21441725861615e+001
-2.29337539432177e+001   -3.20915548539858e+001
-2.36908517350158e+001   -3.20073664825046e+001
-2.44374342797056e+001   -3.19126545645883e+001
-2.51840168243954e+001   -3.18074191002368e+001
-2.59305993690852e+001   -3.16706129965798e+001
-2.66771819137750e+001   -3.15338068929229e+001
-2.74237644584648e+001   -3.14390949750066e+001
-2.81808622502629e+001   -3.13759536963957e+001
-2.89379600420610e+001   -3.13443830570902e+001
-2.96950578338591e+001   -3.13759536963957e+001
-3.04521556256572e+001   -3.14496185214417e+001
-3.11987381703470e+001   -3.15759010786635e+001
-3.19242902208202e+001   -3.17653249144962e+001
-3.26498422712934e+001   -3.19968429360695e+001
-3.33753943217666e+001   -3.22073138647724e+001
-3.41114616193480e+001   -3.23651670612997e+001
-3.48580441640379e+001   -3.24598789792160e+001
-3.56151419558360e+001   -3.25019731649566e+001
-3.63722397476341e+001   -3.25124967113917e+001
-3.71293375394322e+001   -3.24598789792160e+001
-3.78548895899054e+001   -3.22599315969482e+001
-3.85278654048370e+001   -3.18810839252828e+001
-3.90325972660358e+001   -3.13233359642199e+001
-3.92429022082019e+001   -3.06393054459353e+001
-3.91167192429022e+001   -2.99342278347803e+001
-3.87592008412198e+001   -2.92817679558011e+001
-3.82965299684543e+001   -2.86503551696922e+001
-3.79179810725552e+001   -2.79768481978427e+001
-3.77392218717140e+001   -2.72507234938174e+001
-3.78338590956888e+001   -2.65245987897922e+001
-3.81703470031546e+001   -2.58510918179426e+001
-3.87171398527865e+001   -2.53249144961852e+001
-3.94006309148265e+001   -2.49986845566956e+001
-4.01366982124080e+001   -2.47882136279926e+001
-4.08307045215563e+001   -2.45146014206788e+001
-4.13669821240799e+001   -2.40515653775322e+001
-4.17560462670873e+001   -2.34306761378585e+001
-4.21135646687697e+001   -2.27571691660089e+001
-4.25341745531020e+001   -2.21257563799000e+001
-4.30178759200841e+001   -2.15469613259668e+001
-4.35646687697161e+001   -2.10313075506446e+001
-4.41324921135647e+001   -2.05367008681926e+001
-4.46792849631966e+001   -2.00210470928703e+001
-4.51840168243954e+001   -1.94527755853723e+001
-4.56151419558360e+001   -1.88318863456985e+001
-4.59621451104101e+001   -1.81583793738490e+001
-4.62670872765510e+001   -1.74638253091292e+001
-4.65194532071504e+001   -1.67482241515391e+001
-4.66456361724501e+001   -1.60115759010787e+001
-4.65825446898002e+001   -1.52749276506183e+001
-4.63512092534175e+001   -1.45488029465930e+001
-4.60988433228181e+001   -1.38332017890029e+001
-4.59621451104101e+001   -1.30965535385425e+001
-4.59831756046267e+001   -1.23493817416469e+001
-4.61093585699264e+001   -1.16022099447514e+001
-4.62776025236593e+001   -1.08550381478558e+001
-4.64248159831756e+001   -1.01183898973954e+001
-4.65194532071504e+001   -9.36069455406471e+000
-4.65299684542587e+001   -8.60299921073402e+000
-4.64668769716088e+001   -7.84530386740332e+000
-4.63932702418507e+001   -7.09813207050776e+000
-4.63722397476341e+001   -6.34043672717706e+000
-4.64143007360673e+001   -5.58274138384636e+000
-4.65299684542587e+001   -4.83556958695080e+000
-4.67507886435331e+001   -4.10944488292554e+000
-4.70872765509990e+001   -3.42541436464088e+000
-4.74868559411146e+001   -2.78347803209682e+000
-4.78864353312303e+001   -2.14154169955275e+000
-4.81703470031546e+001   -1.44698763483294e+000
-4.83070452155626e+001   -6.99815837937386e-001
-4.83070452155626e+001    5.78795053933163e-002
-4.82439537329127e+001    8.05051302288867e-001
-4.81282860147213e+001    1.55222309918442e+000
-4.79705573080967e+001    2.29939489607997e+000
-4.77497371188223e+001    3.01499605367009e+000
-4.74763406940063e+001    3.72007366482504e+000
-4.71608832807571e+001    4.40410418310971e+000
-4.68559411146162e+001    5.09865824782952e+000
-4.65825446898002e+001    5.80373585898447e+000
-4.64143007360673e+001    6.54038410944487e+000
-4.63932702418507e+001    7.29807945277558e+000
-4.65089379600421e+001    8.04525124967114e+000
-4.63827549947424e+001    7.45593264930281e+000

-3.87066246056782e+001    2.20626151012891e+001
-3.88643533123028e+001    2.13259668508287e+001
-3.89905362776025e+001    2.05787950539332e+001
-3.91167192429022e+001    1.98421468034728e+001
-3.92534174553102e+001    1.90949750065772e+001
-3.94426919032597e+001    1.83583267561168e+001
-3.96740273396425e+001    1.76427255985267e+001
-3.99474237644585e+001    1.69376479873717e+001
-4.02313354363828e+001    1.62325703762168e+001
-3.85068349106204e+001    2.27992633517495e+001
-3.82754994742376e+001    2.35253880557748e+001
-3.80126182965300e+001    2.42409892133649e+001
-3.76866456361725e+001    2.49250197316496e+001
-3.73186119873817e+001    2.55985267034991e+001
-3.69085173501577e+001    2.62404630360432e+001
-3.64563617245005e+001    2.68403051828466e+001
-3.59621451104101e+001    2.74191002367798e+001
-3.54574132492114e+001    2.79873717442778e+001
-3.49526813880126e+001    2.85451197053407e+001
-3.44479495268139e+001    2.91133912128387e+001
-3.39327024185068e+001    2.96711391739016e+001
-3.33859095688749e+001    3.01973164956590e+001
-3.28180862250263e+001    3.06919231781110e+001
-3.21976866456362e+001    3.11128650355170e+001
-3.15352260778128e+001    3.14706656143120e+001
-3.08412197686646e+001    3.17863720073665e+001
-3.01577287066246e+001    3.21231254932912e+001
-2.94952681388013e+001    3.25019731649566e+001
-2.88748685594111e+001    3.29334385687977e+001
-2.82754994742376e+001    3.33964746119442e+001
-2.76971608832808e+001    3.38910812943962e+001
-2.71398527865405e+001    3.44067350697185e+001
-2.66035751840168e+001    3.49434359379111e+001
-2.60883280757098e+001    3.55011838989739e+001
-2.55941114616193e+001    3.60694554064720e+001
-2.51524710830705e+001    3.66798210997106e+001
-2.47528916929548e+001    3.73322809786898e+001
-2.43848580441640e+001    3.79952644041042e+001
-2.40273396424816e+001    3.86582478295186e+001
-2.36698212407992e+001    3.93212312549329e+001
-2.32912723449001e+001    3.99736911339121e+001
-2.28811777076761e+001    4.06156274664562e+001
-2.24605678233439e+001    4.12786108918706e+001
-2.22082018927445e+001    4.19626414101552e+001
-2.22502628811777e+001    4.26466719284399e+001
-2.24605678233439e+001    4.33412259931597e+001
-2.25552050473186e+001    4.40883977900553e+001
-2.23238696109359e+001    4.42567745330176e+001
-2.15772870662461e+001    4.41515390686661e+001
-2.08517350157729e+001    4.39831623257038e+001
-2.01051524710831e+001    4.38884504077874e+001
-1.93480546792850e+001    4.39305445935280e+001
-1.85909568874869e+001    4.40252565114444e+001
-1.78338590956888e+001    4.40463036043147e+001
-1.71188222923239e+001    4.38779268613523e+001
-1.65089379600421e+001    4.34780320968166e+001
-1.60357518401682e+001    4.28887134964483e+001
-1.56782334384858e+001    4.22046829781636e+001
-1.53522607781283e+001    4.15101289134438e+001
-1.49842271293375e+001    4.08471454880295e+001
-1.45215562565720e+001    4.02578268876611e+001
-1.39432176656151e+001    3.97842672980795e+001
-1.32702418506835e+001    3.94580373585898e+001
-1.25341745531020e+001    3.92370428834517e+001
-1.17981072555205e+001    3.90476190476190e+001
-1.10725552050473e+001    3.88161010260458e+001
-1.03785488958991e+001    3.85214417258616e+001
-9.70557308096740e+000    3.81741646935017e+001
-9.03259726603575e+000    3.78268876611418e+001
-8.33859095688749e+000    3.75111812680873e+001
-7.62355415352261e+000    3.72480926072086e+001
-6.88748685594112e+000    3.70481452249408e+001
-6.15141955835962e+000    3.68797684819784e+001
-5.40483701366982e+000    3.67534859247566e+001
-4.65825446898002e+000    3.66377269139700e+001
-3.91167192429022e+000    3.65219679031834e+001
-3.15457413249212e+000    3.64377795317022e+001
-2.40799158780231e+000    3.63851617995264e+001
-1.65089379600420e+000    3.63851617995264e+001
-8.93796004206095e-001    3.64377795317022e+001
-1.47213459516301e-001    3.65430149960537e+001
 5.99369085173500e-001    3.66587740068403e+001
 1.33543638275499e+000    3.67955801104972e+001
 2.08201892744479e+000    3.69323862141542e+001
 2.82860147213460e+000    3.70270981320705e+001
 3.58569926393270e+000    3.70586687713759e+001
 4.34279705573080e+000    3.70060510392002e+001
 5.07886435331230e+000    3.68902920284136e+001
 5.82544689800210e+000    3.67745330176269e+001
 6.58254468980020e+000    3.67429623783215e+001
 7.32912723449002e+000    3.68271507498027e+001
 8.06519453207150e+000    3.70165745856354e+001
 8.78023133543638e+000    3.72480926072086e+001
 9.49526813880125e+000    3.74796106287819e+001
 1.02313354363828e+001    3.76795580110497e+001
 1.09674027339642e+001    3.78689818468824e+001
 1.17034700315457e+001    3.80268350434096e+001
 1.24500525762355e+001    3.81320705077611e+001
 1.32071503680336e+001    3.81741646935017e+001
 1.39642481598318e+001    3.81636411470666e+001
 1.47108307045216e+001    3.81215469613260e+001
 1.54679284963197e+001    3.80584056827151e+001
 1.62250262881178e+001    3.79847408576690e+001
 1.69716088328076e+001    3.78900289397527e+001
 1.77181913774974e+001    3.78058405682715e+001
 1.84647739221872e+001    3.77426992896606e+001
 1.92218717139853e+001    3.76900815574849e+001
 1.99789695057834e+001    3.76164167324388e+001
 2.07255520504732e+001    3.74901341752171e+001
 2.14616193480547e+001    3.72901867929492e+001
 2.21661409043112e+001    3.69955274927651e+001
 2.28286014721346e+001    3.66272033675349e+001
 2.34595162986330e+001    3.62062615101289e+001
 2.40799158780231e+001    3.57642725598527e+001
 2.46898002103049e+001    3.53117600631413e+001
 2.52996845425868e+001    3.48592475664299e+001
 2.58990536277603e+001    3.43856879768482e+001
 2.64668769716088e+001    3.38805577479611e+001
 2.69926393270242e+001    3.33438568797685e+001
 2.74973711882229e+001    3.27755853722705e+001
 2.79915878023134e+001    3.22073138647724e+001
 2.84752891692955e+001    3.16179952644041e+001
 2.89484752891693e+001    3.10286766640358e+001
 2.94216614090431e+001    3.04288345172323e+001
 2.98527865404837e+001    2.98184688239937e+001
 3.01892744479495e+001    2.91554853985793e+001
 3.03995793901157e+001    2.84293606945541e+001
 3.05047318611987e+001    2.76716653512234e+001
 3.05678233438486e+001    2.69139700078927e+001
 3.06940063091483e+001    2.61667982109971e+001
 3.09779179810726e+001    2.54617205998421e+001
 3.14405888538381e+001    2.48724019994738e+001
 3.20399579390116e+001    2.44198895027624e+001
 3.27129337539432e+001    2.40726124704025e+001
 3.34174553101998e+001    2.37779531702184e+001
 3.41219768664564e+001    2.34938174164694e+001
 3.48159831756046e+001    2.31991581162852e+001
 3.54994742376446e+001    2.28729281767956e+001
 3.61514195583596e+001    2.24835569586951e+001
 3.67507886435331e+001    2.20310444619837e+001
 3.72975814931651e+001    2.15048671402263e+001
 3.77812828601472e+001    2.09260720862931e+001
 3.82018927444795e+001    2.03051828466193e+001
 3.85488958990536e+001    1.96316758747698e+001
 3.88433228180862e+001    1.89371218100500e+001
 3.91272344900105e+001    1.82320441988950e+001
 3.94111461619348e+001    1.75269665877401e+001
 3.97055730809674e+001    1.68324125230203e+001
 4.00210304942166e+001    1.61378584583004e+001
 4.03575184016824e+001    1.54538279400158e+001
 4.07465825446898e+001    1.48118916074717e+001
 4.11882229232387e+001    1.41910023677980e+001
 4.16614090431125e+001    1.35911602209945e+001
 4.21345951629863e+001    1.29913180741910e+001
 4.25972660357518e+001    1.23914759273875e+001
 4.30178759200841e+001    1.17600631412786e+001
 4.33753943217666e+001    1.10865561694291e+001
 4.36487907465825e+001    1.03814785582741e+001
 4.38065194532072e+001    9.64483030781373e+000
 4.38696109358570e+001    8.88713496448302e+000
 4.38906414300736e+001    8.12943962115233e+000
 4.39747634069401e+001    7.38226782425677e+000
 4.42166140904311e+001    6.67719021310182e+000
 4.45951629863302e+001    6.01420678768746e+000
 4.50052576235541e+001    5.37227045514338e+000
 4.53522607781283e+001    4.69876348329387e+000
 4.55520504731861e+001    3.98316232570377e+000
 4.55625657202944e+001    3.22546698237306e+000
 4.53943217665615e+001    2.48881873191266e+000
 4.51104100946372e+001    1.78374112075770e+000
 4.48580441640379e+001    1.06813996316759e+000
 4.47634069400631e+001    3.31491712707191e-001
 4.48790746582545e+001   -3.94632991318069e-001
 4.51629863301788e+001   -1.09971060247304e+000
 4.55205047318612e+001   -1.77321757432255e+000
 4.58780231335436e+001   -2.44672454617206e+000
 4.62039957939012e+001   -3.13075506445672e+000
 4.64879074658254e+001   -3.83583267561168e+000
 4.67613038906414e+001   -4.55143383320178e+000
 4.70557308096740e+001   -5.25651144435675e+000
 4.74132492113565e+001   -5.91949486977111e+000
 4.78759200841220e+001   -6.49828992370429e+000
 4.84437434279706e+001   -6.99289660615628e+000
 4.90746582544690e+001   -7.41383846356222e+000
 4.97266035751840e+001   -7.80320968166272e+000
 5.03680336487907e+001   -8.20310444619837e+000
 5.09884332281809e+001   -8.63456985003946e+000
 5.15667718191377e+001   -9.11865298605630e+000
 5.21135646687697e+001   -9.63430676137858e+000
 5.26182965299685e+001   -1.01920547224415e+001
 5.30704521556256e+001   -1.08024204156801e+001
 5.34595162986330e+001   -1.14548802946593e+001
 5.37749737118822e+001   -1.21389108129440e+001
 5.40588853838065e+001   -1.28439884240989e+001
 5.43322818086225e+001   -1.35595895816890e+001
 5.46056782334385e+001   -1.42646671928440e+001
 5.49001051524711e+001   -1.49697448039989e+001
 5.51945320715037e+001   -1.56642988687188e+001
 5.55099894847529e+001   -1.63588529334386e+001
 5.58149316508938e+001   -1.70639305445935e+001
 5.60567823343848e+001   -1.77795317021836e+001
 5.61829652996845e+001   -1.85161799526440e+001
 5.61829652996845e+001   -1.92738752959747e+001
 5.60357518401682e+001   -2.00210470928703e+001
 5.57413249211356e+001   -2.07156011575901e+001
 5.53417455310200e+001   -2.13680610365693e+001
 5.49001051524711e+001   -2.20099973691134e+001
 5.44269190325973e+001   -2.26203630623520e+001
 5.38906414300736e+001   -2.31360168376743e+001
 5.32597266035752e+001   -2.34517232307288e+001
 5.25446898002103e+001   -2.34727703235991e+001
 5.18401682439537e+001   -2.32096816627203e+001
 5.11882229232387e+001   -2.27887398053144e+001
 5.05783385909569e+001   -2.23257037621678e+001
 4.99579390115668e+001   -2.18731912654565e+001
 4.93165089379601e+001   -2.14732965009208e+001
 4.86435331230284e+001   -2.11260194685609e+001
 4.79390115667718e+001   -2.08524072612470e+001
 4.72029442691903e+001   -2.06735069718495e+001
 4.64563617245005e+001   -2.06735069718495e+001
 4.57728706624606e+001   -2.09155485398579e+001
 4.51735015772871e+001   -2.13680610365693e+001
 4.46372239747634e+001   -2.19152854511971e+001
 4.41114616193480e+001   -2.24730334122599e+001
 4.35541535226078e+001   -2.29886871875822e+001
 4.29652996845426e+001   -2.34517232307288e+001
 4.23449001051525e+001   -2.38831886345699e+001
 4.16824395373291e+001   -2.42515127598001e+001
 4.09989484752892e+001   -2.45777426992897e+001
 4.03049421661409e+001   -2.48829255459090e+001
 3.96004206098843e+001   -2.51775848460931e+001
 3.88958990536278e+001   -2.54511970534070e+001
 3.81808622502629e+001   -2.57037621678506e+001
 3.74553101997897e+001   -2.59352801894238e+001
 3.67297581493165e+001   -2.61141804788214e+001
 3.59831756046267e+001   -2.62509865824783e+001
 3.52365930599369e+001   -2.63562220468298e+001
 3.44794952681388e+001   -2.64404104183110e+001
 3.37329127234490e+001   -2.65140752433570e+001
 3.29863301787592e+001   -2.65982636148382e+001
 3.22292323869611e+001   -2.66719284398842e+001
 3.14721345951630e+001   -2.67140226256248e+001
 3.07150368033649e+001   -2.67140226256248e+001
 2.99579390115668e+001   -2.66193107077085e+001
 2.92218717139853e+001   -2.64298868718758e+001
 2.85173501577287e+001   -2.61562746645620e+001
 2.78233438485804e+001   -2.58616153643778e+001
 2.71083070452156e+001   -2.55985267034991e+001
 2.63722397476341e+001   -2.54091028676664e+001
 2.56256572029443e+001   -2.52828203104446e+001
 2.48790746582545e+001   -2.51986319389634e+001
 2.41219768664564e+001   -2.51460142067877e+001
 2.33543638275499e+001   -2.51670612996580e+001
 2.26182965299685e+001   -2.53354380426204e+001
 2.19873817034700e+001   -2.57037621678506e+001
 2.15352260778128e+001   -2.62720336753486e+001
 2.12828601472135e+001   -2.69771112865036e+001
 2.11566771819138e+001   -2.77348066298343e+001
 2.10830704521556e+001   -2.84925019731650e+001
 2.09989484752892e+001   -2.92396737700605e+001
 2.09358569926393e+001   -2.99868455669561e+001
 2.08727655099895e+001   -3.07550644567219e+001
 2.07676130389064e+001   -3.15232833464878e+001
 2.05047318611987e+001   -3.22178374112076e+001
 2.00315457413249e+001   -3.27650618258353e+001
 1.94006309148265e+001   -3.30071033938437e+001
 1.87802313354364e+001   -3.28071560115759e+001
 1.83596214511041e+001   -3.22178374112076e+001
 1.81072555205047e+001   -3.14601420678769e+001
 1.77812828601472e+001   -3.08076821888977e+001
 1.72134595162986e+001   -3.04393580636675e+001
 1.64879074658254e+001   -3.04288345172323e+001
 1.57623554153523e+001   -3.06813996316759e+001
 1.50683491062040e+001   -3.10392002104709e+001
 1.43848580441640e+001   -3.13759536963957e+001
 1.36803364879075e+001   -3.16495659037096e+001
 1.29547844374343e+001   -3.18810839252828e+001
 1.22292323869611e+001   -3.20915548539858e+001
 1.14931650893796e+001   -3.22704551433833e+001
 1.07570977917981e+001   -3.24598789792160e+001
 1.00210304942166e+001   -3.26598263614838e+001
 9.29547844374343e+000   -3.28913443830571e+001
 8.58044164037855e+000   -3.31333859510655e+001
 7.86540483701367e+000   -3.33859510655091e+001
 7.15036803364879e+000   -3.36385161799526e+001
 6.43533123028391e+000   -3.38805577479611e+001
 5.70977917981072e+000   -3.41015522230992e+001
 4.98422712933754e+000   -3.43014996053670e+001
 4.24815983175604e+000   -3.44698763483294e+001
 3.50157728706625e+000   -3.45540647198106e+001
 2.74447949526814e+000   -3.45119705340700e+001
 2.00841219768664e+000   -3.43435937911076e+001
 1.30389064143007e+000   -3.40805051302289e+001
 6.09884332281808e-001   -3.37858458300447e+001
-1.05152471083066e-001   -3.35227571691660e+001
-8.41219768664558e-001   -3.33543804262036e+001
-1.59831756046267e+000   -3.33122862404630e+001
-2.35541535226078e+000   -3.33438568797685e+001
-3.10199789695058e+000   -3.34069981583794e+001
-3.85909568874869e+000   -3.34490923441200e+001
-4.61619348054680e+000   -3.34701394369903e+001
-5.37329127234490e+000   -3.34490923441200e+001
-6.13038906414301e+000   -3.33543804262036e+001
-6.86645636172450e+000   -3.31649565903710e+001
-7.57097791798108e+000   -3.28913443830571e+001
-8.27549947423764e+000   -3.25861615364378e+001
-8.95899053627760e+000   -3.22599315969482e+001
-9.65299684542587e+000   -3.19757958431992e+001
-1.03785488958991e+001   -3.17442778216259e+001
-1.11146161934806e+001   -3.15653775322284e+001
-1.18611987381703e+001   -3.14285714285714e+001
-1.26077812828601e+001   -3.13128124177848e+001
-1.33543638275499e+001   -3.11970534069982e+001
-1.41009463722397e+001   -3.10497237569061e+001
-1.48264984227129e+001   -3.08602999210734e+001
-1.55310199789695e+001   -3.06182583530650e+001
-1.62355415352261e+001   -3.03656932386214e+001
-1.69610935856993e+001   -3.01341752170481e+001
-1.76971608832808e+001   -2.99552749276506e+001
-1.84437434279706e+001   -2.98500394632991e+001
-1.92008412197687e+001   -2.98079452775585e+001
-1.99579390115668e+001   -2.98184688239937e+001
-2.07150368033649e+001   -2.98289923704288e+001
-2.14721345951630e+001   -2.98395159168640e+001
-2.22292323869611e+001   -2.98289923704288e+001
-2.29863301787592e+001   -2.97868981846882e+001
-2.37434279705573e+001   -2.97027098132071e+001
-2.44900105152471e+001   -2.95974743488556e+001
-2.52365930599369e+001   -2.94606682451986e+001
-2.59726603575184e+001   -2.93028150486714e+001
-2.67087276550999e+001   -2.91028676664036e+001
-2.74342797055731e+001   -2.88818731912655e+001
-2.81493165089380e+001   -2.86398316232570e+001
-2.88748685594111e+001   -2.84188371481189e+001
-2.96004206098843e+001   -2.82188897658511e+001
-3.03364879074658e+001   -2.80610365693239e+001
-3.10830704521556e+001   -2.79558011049724e+001
-3.18401682439537e+001   -2.78926598263615e+001
-3.25972660357518e+001   -2.78295185477506e+001
-3.33333333333333e+001   -2.76821888976585e+001
-3.40168243953733e+001   -2.73875295974743e+001
-3.46056782334385e+001   -2.69350171007630e+001
-3.50998948475289e+001   -2.63562220468298e+001
-3.55415352260778e+001   -2.57248092607209e+001
-3.59726603575184e+001   -2.50933964746119e+001
-3.64248159831756e+001   -2.44725072349382e+001
-3.69085173501577e+001   -2.38937121810050e+001
-3.74342797055731e+001   -2.33464877663773e+001
-3.79705573080967e+001   -2.28203104446198e+001
-3.85383806519453e+001   -2.23257037621678e+001
-3.91272344900105e+001   -2.18521441725862e+001
-3.97266035751840e+001   -2.13785845830045e+001
-4.03259726603575e+001   -2.09050249934228e+001
-4.09043112513144e+001   -2.04104183109708e+001
-4.14405888538381e+001   -1.98737174427782e+001
-4.19032597266036e+001   -1.92738752959747e+001
-4.22187171398528e+001   -1.86003683241252e+001
-4.23343848580442e+001   -1.78637200736648e+001
-4.22502628811777e+001   -1.71165482767693e+001
-4.19873817034700e+001   -1.64009471191792e+001
-4.16614090431125e+001   -1.57169166008945e+001
-4.13774973711882e+001   -1.50118389897395e+001
-4.11882229232387e+001   -1.42751907392791e+001
-4.11146161934805e+001   -1.35280189423836e+001
-4.11882229232387e+001   -1.27703235990529e+001
-4.14090431125131e+001   -1.20441988950276e+001
-4.17245005257624e+001   -1.13496448303078e+001
-4.20820189274448e+001   -1.06866614048934e+001
-4.24500525762355e+001   -1.00236779794791e+001
-4.28075709779180e+001   -9.35017100762957e+000
-4.31440588853838e+001   -8.66614048934491e+000
-4.34700315457413e+001   -7.98210997106025e+000
-4.37434279705573e+001   -7.27703235990528e+000
-4.39642481598318e+001   -6.55090765588003e+000
-4.41324921135647e+001   -5.81425940541963e+000
-4.42481598317560e+001   -5.06708760852407e+000
-4.43217665615142e+001   -4.31991581162852e+000
-4.43427970557308e+001   -3.56222046829782e+000
-4.43427970557308e+001   -2.80452512496711e+000
-4.43533123028391e+001   -2.04682978163641e+000
-4.43953732912724e+001   -1.28913443830571e+000
-4.44794952681388e+001   -5.31439094975006e-001
-4.45951629863302e+001    2.15732701920544e-001
-4.47213459516299e+001    9.62904498816101e-001
-4.47949526813880e+001    1.71007629571165e+000
-4.47949526813880e+001    2.46777163904235e+000
-4.47003154574132e+001    3.21494343593791e+000
-4.45320715036803e+001    3.95159168639832e+000
-4.43112513144059e+001    4.67771639042357e+000
-4.40694006309148e+001    5.39331754801368e+000
-4.37854889589905e+001    6.09839515916863e+000
-4.34279705573081e+001    6.77190213101815e+000
-4.29758149316509e+001    7.37174427782162e+000
-4.24605678233439e+001    7.90844514601420e+000
-4.19137749737119e+001    8.43462246777163e+000
-4.13985278654048e+001    8.99237042883452e+000
-4.09568874868559e+001    9.60273612207314e+000
-4.06414300736067e+001    1.02867666403578e+001
-4.04731861198738e+001    1.10234148908182e+001
-4.04521556256572e+001    1.17811102341489e+001
-4.05362776025237e+001    1.25282820310445e+001
-4.06414300736067e+001    1.32754538279400e+001
-4.07045215562566e+001    1.40226256248356e+001
-4.06624605678233e+001    1.47803209681663e+001
-4.04942166140904e+001    1.55169692186267e+001

-3.82754994742376e+001    7.90844514601420e+000
-3.81808622502629e+001    8.65561694290976e+000
-3.81282860147213e+001    9.41331228624047e+000
-3.80967402733964e+001    1.01710076295712e+001
-3.80967402733964e+001    1.09287029729019e+001
-3.81282860147213e+001    1.16863983162326e+001
-3.81703470031546e+001    1.24440936595633e+001
-3.81913774973712e+001    1.32017890028940e+001
-3.81598317560463e+001    1.39594843462247e+001
-3.80651945320715e+001    1.47171796895554e+001
-3.79179810725552e+001    1.54538279400158e+001
-3.77287066246057e+001    1.61904761904762e+001
-3.75184016824395e+001    1.69166008945015e+001
-3.72975814931651e+001    1.76427255985267e+001
-3.70347003154574e+001    1.83478032096817e+001
-3.67507886435331e+001    1.90528808208366e+001
-3.64563617245005e+001    1.97579584319916e+001
-3.61409043112513e+001    2.04525124967114e+001
-3.58254468980021e+001    2.11365430149961e+001
-3.54889589905363e+001    2.18100499868456e+001
-3.51419558359622e+001    2.24835569586951e+001
-3.47949526813880e+001    2.31570639305446e+001
-3.44374342797056e+001    2.38200473559590e+001
-3.40273396424816e+001    2.44619836885030e+001
-3.35331230283912e+001    2.50407787424362e+001
-3.29652996845426e+001    2.55459089713233e+001
-3.23343848580442e+001    2.59563272822941e+001
-3.16298633017876e+001    2.62509865824783e+001
-3.08937960042061e+001    2.64404104183110e+001
-3.01472134595163e+001    2.65772165219679e+001
-2.94006309148265e+001    2.67245461720600e+001
-2.86750788643533e+001    2.69455406471981e+001
-2.80126182965300e+001    2.72928176795580e+001
-2.74237644584648e+001    2.77663772691397e+001
-2.69190325972660e+001    2.83451723230729e+001
-2.65089379600421e+001    2.89765851091818e+001
-2.61619348054679e+001    2.96500920810313e+001
-2.58569926393270e+001    3.03446461457511e+001
-2.55310199789695e+001    3.10286766640358e+001
-2.51629863301788e+001    3.16811365430150e+001
-2.47423764458465e+001    3.23020257826888e+001
-2.42481598317560e+001    3.28808208366219e+001
-2.37118822292324e+001    3.34175217048145e+001
-2.31230283911672e+001    3.39016048408314e+001
-2.25236593059937e+001    3.43646408839779e+001
-2.19242902208202e+001    3.48171533806893e+001
-2.13038906414301e+001    3.52591423309655e+001
-2.06519453207150e+001    3.56379900026309e+001
-1.99474237644585e+001    3.58905551170745e+001
-1.92008412197687e+001    3.59957905814259e+001
-1.84437434279706e+001    3.59747434885556e+001
-1.76971608832808e+001    3.58905551170745e+001
-1.69400630914826e+001    3.58274138384636e+001
-1.61829652996845e+001    3.57958431991581e+001
-1.54258675078864e+001    3.57958431991581e+001
-1.46687697160883e+001    3.58063667455933e+001
-1.39116719242902e+001    3.58168902920284e+001
-1.31545741324921e+001    3.57853196527230e+001
-1.24079915878023e+001    3.56906077348066e+001
-1.16719242902208e+001    3.55222309918443e+001
-1.09358569926393e+001    3.53222836095764e+001
-1.02103049421661e+001    3.51223362273086e+001
-9.47423764458465e+000    3.49223888450408e+001
-8.73817034700316e+000    3.47329650092081e+001
-8.00210304942166e+000    3.45645882662457e+001
-7.26603575184016e+000    3.43962115232834e+001
-6.52996845425867e+000    3.41962641410155e+001
-5.80441640378549e+000    3.39752696658774e+001
-5.08937960042061e+000    3.37121810049987e+001
-4.38485804416403e+000    3.34385687976848e+001
-3.65930599369085e+000    3.31965272296764e+001
-2.92323869610936e+000    3.30386740331492e+001
-2.17665615141956e+000    3.29860563009734e+001
-1.41955835962145e+000    3.30176269402789e+001
-6.62460567823345e-001    3.30807682188898e+001
 9.46372239747646e-002    3.31018153117601e+001
 8.41219768664565e-001    3.30597211260195e+001
 1.58780231335436e+000    3.29439621152328e+001
 2.32386961093585e+000    3.27755853722705e+001
 3.05993690851734e+000    3.26072086293081e+001
 3.80651945320715e+000    3.24914496185214e+001
 4.56361724500525e+000    3.24809260720863e+001
 5.31019978969506e+000    3.25861615364378e+001
 6.03575184016823e+000    3.27966324651407e+001
 6.74027339642481e+000    3.30702446724546e+001
 7.44479495268138e+000    3.33649039726388e+001
 8.13880126182966e+000    3.36700868192581e+001
 8.84332281808622e+000    3.39542225730071e+001
 9.55835962145110e+000    3.42383583267561e+001
 1.02628811777077e+001    3.44909234411997e+001
 1.09884332281809e+001    3.47224414627729e+001
 1.17245005257624e+001    3.49118652986056e+001
 1.24710830704522e+001    3.50276243093923e+001
 1.32281808622503e+001    3.50486714022626e+001
 1.39747634069401e+001    3.49539594843462e+001
 1.47003154574133e+001    3.47329650092081e+001
 1.53627760252366e+001    3.43751644304131e+001
 1.59621451104101e+001    3.39226519337017e+001
 1.65089379600421e+001    3.34175217048145e+001
 1.70662460567823e+001    3.29018679294922e+001
 1.76550998948475e+001    3.24072612470403e+001
 1.82544689800210e+001    3.19547487503289e+001
 1.88958990536278e+001    3.15443304393581e+001
 1.95583596214511e+001    3.11760063141279e+001
 2.02418506834911e+001    3.08497763746383e+001
 2.09463722397476e+001    3.05866877137595e+001
 2.16719242902208e+001    3.03656932386214e+001
 2.23869610935857e+001    3.01131281241778e+001
 2.30809674027340e+001    2.97974217311234e+001
 2.37223974763407e+001    2.93975269665877e+001
 2.43217665615142e+001    2.89450144698764e+001
 2.48895899053628e+001    2.84398842409892e+001
 2.54153522607781e+001    2.78926598263615e+001
 2.58675078864353e+001    2.72822941331229e+001
 2.62565720294427e+001    2.66298342541436e+001
 2.65509989484753e+001    2.59352801894238e+001
 2.67718191377497e+001    2.51986319389634e+001
 2.69505783385910e+001    2.44619836885030e+001
 2.71503680336488e+001    2.37253354380426e+001
 2.74237644584648e+001    2.30202578268877e+001
 2.77917981072555e+001    2.23677979479085e+001
 2.82544689800210e+001    2.17679558011050e+001
 2.87802313354364e+001    2.12207313864772e+001
 2.93375394321767e+001    2.07050776111550e+001
 2.99158780231335e+001    2.02104709287030e+001
 3.05047318611987e+001    1.97263877926861e+001
 3.11041009463722e+001    1.92633517495396e+001
 3.17245005257624e+001    1.88318863456985e+001
 3.23659305993691e+001    1.84319915811628e+001
 3.30389064143007e+001    1.80741910023678e+001
 3.37118822292324e+001    1.77163904235727e+001
 3.43638275499474e+001    1.73270192054722e+001
 3.49737118822292e+001    1.68745067087608e+001
 3.55099894847529e+001    1.63378058405683e+001
 3.59726603575184e+001    1.57379636937648e+001
 3.63512092534175e+001    1.50749802683504e+001
 3.66666666666667e+001    1.43909497500658e+001
 3.69926393270242e+001    1.36963956853460e+001
 3.73606729758149e+001    1.30334122599316e+001
 3.77602523659306e+001    1.23914759273875e+001
 3.81598317560463e+001    1.17495395948435e+001
 3.84858044164038e+001    1.10760326229939e+001
 3.86855941114616e+001    1.03604314654038e+001
 3.87697160883281e+001    9.60273612207314e+000
 3.88012618296530e+001    8.84504077874244e+000
 3.88643533123028e+001    8.08734543541173e+000
 3.90115667718191e+001    7.34017363851618e+000
 3.92639327024185e+001    6.62457248092606e+000
 3.96004206098843e+001    5.94054196264140e+000
 3.99474237644585e+001    5.26703499079190e+000
 4.02208201892744e+001    4.56195737963694e+000
 4.03785488958991e+001    3.82530912917653e+000
 4.03890641430074e+001    3.07813733228098e+000
 4.02839116719243e+001    2.33096553538543e+000
 4.00946372239748e+001    1.59431728492503e+000
 3.98843322818086e+001    8.68192580899759e-001
 3.96950578338591e+001    1.21020784004202e-001
 3.96319663512093e+001   -6.36674559326494e-001
 3.97686645636173e+001   -1.35227571691660e+000
 4.01366982124080e+001   -1.98368850302552e+000
 4.06309148264984e+001   -2.56248355695869e+000
 4.11461619348055e+001   -3.14127861089187e+000
 4.15352260778128e+001   -3.77269139700079e+000
 4.17350157728707e+001   -4.47776900815575e+000
 4.17560462670873e+001   -5.22494080505130e+000
 4.17034700315457e+001   -5.98263614838201e+000
 4.16824395373291e+001   -6.74033149171271e+000
 4.17455310199790e+001   -7.49802683504340e+000
 4.19137749737119e+001   -8.23467508550382e+000
 4.21556256572029e+001   -8.95027624309392e+000
 4.24290220820189e+001   -9.66587740068403e+000
 4.26919032597266e+001   -1.03814785582741e+001
 4.29127234490010e+001   -1.10970797158642e+001
 4.30389064143007e+001   -1.18442515127598e+001
 4.30599369085173e+001   -1.26019468560905e+001
 4.30073606729758e+001   -1.33596421994212e+001
 4.28811777076761e+001   -1.41068139963168e+001
 4.27129337539432e+001   -1.48434622467772e+001
 4.24921135646688e+001   -1.55695869508024e+001
 4.22502628811777e+001   -1.62851881083925e+001
 4.20399579390116e+001   -1.70218363588529e+001
 4.18822292323870e+001   -1.77584846093133e+001
 4.17560462670873e+001   -1.85056564062089e+001
 4.16403785488959e+001   -1.92528282031045e+001
 4.15036803364879e+001   -2.00000000000000e+001
 4.13038906414301e+001   -2.07366482504604e+001
 4.09779179810726e+001   -2.14101552223099e+001
 4.05152471083071e+001   -2.19994738226782e+001
 3.99474237644585e+001   -2.24835569586951e+001
 3.93059936908517e+001   -2.28834517232307e+001
 3.86225026288118e+001   -2.32202052091555e+001
 3.79179810725552e+001   -2.35043409629045e+001
 3.72029442691903e+001   -2.37569060773481e+001
 3.64773922187171e+001   -2.39989476453565e+001
 3.57518401682439e+001   -2.41988950276243e+001
 3.50157728706625e+001   -2.43777953170218e+001
 3.42691903259727e+001   -2.45146014206788e+001
 3.35120925341745e+001   -2.46093133385951e+001
 3.27549947423765e+001   -2.46198368850303e+001
 3.20084121976866e+001   -2.45461720599842e+001
 3.12618296529969e+001   -2.44198895027624e+001
 3.05257623554154e+001   -2.42515127598001e+001
 2.97896950578339e+001   -2.40515653775322e+001
 2.90641430073607e+001   -2.38516179952644e+001
 2.83280757097792e+001   -2.36621941594317e+001
 2.75920084121977e+001   -2.35043409629045e+001
 2.68454258675079e+001   -2.33570113128124e+001
 2.61093585699264e+001   -2.31991581162852e+001
 2.53732912723449e+001   -2.30202578268877e+001
 2.46477392218717e+001   -2.28203104446198e+001
 2.39221871713985e+001   -2.25887924230466e+001
 2.32071503680337e+001   -2.23572744014733e+001
 2.24815983175605e+001   -2.21573270192055e+001
 2.17350157728707e+001   -2.20205209155485e+001
 2.09779179810726e+001   -2.19889502762431e+001
 2.02313354363828e+001   -2.20836621941594e+001
 1.94952681388013e+001   -2.22730860299921e+001
 1.87907465825447e+001   -2.25361746908708e+001
 1.80967402733964e+001   -2.28624046303604e+001
 1.74342797055731e+001   -2.32307287555906e+001
 1.67718191377497e+001   -2.36095764272560e+001
 1.60988433228181e+001   -2.39568534596159e+001
 1.54048370136698e+001   -2.42515127598001e+001
 1.46792849631966e+001   -2.44830307813733e+001
 1.39537329127235e+001   -2.46935017100763e+001
 1.32176656151420e+001   -2.48724019994738e+001
 1.24710830704522e+001   -2.50302551960011e+001
 1.17455310199790e+001   -2.52302025782689e+001
 1.10304942166141e+001   -2.54827676927124e+001
 1.03364879074658e+001   -2.57879505393318e+001
 9.68454258675079e+000   -2.61773217574323e+001
 9.08517350157729e+000   -2.66508813470139e+001
 8.56992639327024e+000   -2.71981057616417e+001
 8.12828601472134e+000   -2.78084714548803e+001
 7.71819137749738e+000   -2.84398842409892e+001
 7.26603575184016e+000   -2.90502499342278e+001
 6.72975814931651e+000   -2.95764272559853e+001
 6.10935856992639e+000   -2.99973691133912e+001
 5.41535226077814e+000   -3.02920284135754e+001
 4.66876971608832e+000   -3.04393580636675e+001
 3.91167192429022e+000   -3.04604051565378e+001
 3.16508937960042e+000   -3.03762167850566e+001
 2.41850683491062e+000   -3.02394106813996e+001
 1.67192429022082e+000   -3.01131281241778e+001
 9.14826498422705e-001   -3.00499868455670e+001
 1.57728706624603e-001   -3.00605103920021e+001
-5.88853838065191e-001   -3.01236516706130e+001
-1.33543638275500e+000   -3.02288871349645e+001
-2.08201892744479e+000   -3.03656932386214e+001
-2.82860147213459e+000   -3.04709287029729e+001
-3.58569926393270e+000   -3.05235464351486e+001
-4.34279705573081e+000   -3.05024993422783e+001
-5.08937960042061e+000   -3.03551696921863e+001
-5.79390115667718e+000   -3.00710339384373e+001
-6.44584647739222e+000   -2.96921862667719e+001
-7.07676130389064e+000   -2.92712444093660e+001
-7.72870662460568e+000   -2.88923967377006e+001
-8.42271293375394e+000   -2.85977374375164e+001
-9.15878023133543e+000   -2.84083136016838e+001
-9.90536277602524e+000   -2.83030781373323e+001
-1.06519453207150e+001   -2.82083662194159e+001
-1.13985278654048e+001   -2.80820836621942e+001
-1.21345951629863e+001   -2.79242304656669e+001
-1.28706624605678e+001   -2.77558537227046e+001
-1.36067297581493e+001   -2.75664298868719e+001
-1.43427970557308e+001   -2.73875295974743e+001
-1.50893796004206e+001   -2.72296764009471e+001
-1.58254468980021e+001   -2.70928702972902e+001
-1.65720294426919e+001   -2.69771112865036e+001
-1.73186119873817e+001   -2.68823993685872e+001
-1.80651945320715e+001   -2.67982109971060e+001
-1.88117770767613e+001   -2.67034990791897e+001
-1.95583596214511e+001   -2.65772165219679e+001
-2.02944269190326e+001   -2.63877926861352e+001
-2.09989484752892e+001   -2.61247040252565e+001
-2.16719242902208e+001   -2.57774269928966e+001
-2.23238696109359e+001   -2.53880557747961e+001
-2.29968454258675e+001   -2.50618258353065e+001
-2.37118822292324e+001   -2.48197842672981e+001
-2.44584647739222e+001   -2.46514075243357e+001
-2.52050473186120e+001   -2.45040778742436e+001
-2.59411146161935e+001   -2.43251775848461e+001
-2.66666666666667e+001   -2.41041831097080e+001
-2.73817034700315e+001   -2.38831886345699e+001
-2.81177707676130e+001   -2.36937647987372e+001
-2.88643533123028e+001   -2.35885293343857e+001
-2.96214511041009e+001   -2.35674822415154e+001
-3.03785488958991e+001   -2.36095764272560e+001
-3.11251314405889e+001   -2.36727177058669e+001
-3.18822292323870e+001   -2.36727177058669e+001
-3.26288117770768e+001   -2.35569586950802e+001
-3.33438485804416e+001   -2.33149171270718e+001
-3.40063091482650e+001   -2.29465930018416e+001
-3.45951629863302e+001   -2.24730334122599e+001
-3.51209253417455e+001   -2.19363325440674e+001
-3.56151419558360e+001   -2.13680610365693e+001
-3.61093585699264e+001   -2.07997895290713e+001
-3.66140904311251e+001   -2.02420415680084e+001
-3.71188222923239e+001   -1.96737700605104e+001
-3.76025236593060e+001   -1.90844514601421e+001
-3.80021030494217e+001   -1.84530386740332e+001
-3.82334384858044e+001   -1.77479610628782e+001
-3.82754994742376e+001   -1.69902657195475e+001
-3.81703470031546e+001   -1.62430939226519e+001
-3.79705573080967e+001   -1.55169692186267e+001
-3.77707676130389e+001   -1.47908445146014e+001
-3.76130389064143e+001   -1.40541962641410e+001
-3.74973711882229e+001   -1.33070244672455e+001
-3.74447949526814e+001   -1.25598526703499e+001
-3.74658254468980e+001   -1.18021573270192e+001
-3.75604626708728e+001   -1.10444619836885e+001
-3.77181913774974e+001   -1.03078137332281e+001
-3.79179810725552e+001   -9.57116548276770e+000
-3.81388012618297e+001   -8.85556432517758e+000
-3.83806519453207e+001   -8.13996316758747e+000
-3.85909568874869e+001   -7.40331491712708e+000
-3.87381703470032e+001   -6.65614312023152e+000
-3.87276550998948e+001   -5.89844777690082e+000
-3.85278654048370e+001   -5.19337016574585e+000
-3.81598317560463e+001   -4.55143383320178e+000
-3.76866456361725e+001   -3.94106813996317e+000
-3.72555205047319e+001   -3.29913180741910e+000
-3.70347003154574e+001   -2.61510128913444e+000
-3.70767613038906e+001   -1.88897658510918e+000
-3.73080967402734e+001   -1.17337542751908e+000
-3.76025236593060e+001   -4.68297816364114e-001
-3.78654048370137e+001    2.47303341226001e-001
-3.80546792849632e+001    9.83951591686399e-001
-3.81598317560463e+001    1.73112338858196e+000
-3.81913774973712e+001    2.48881873191266e+000
-3.81808622502629e+001    3.24651407524336e+000
-3.81808622502629e+001    4.00420941857405e+000
-3.82018927444795e+001    4.76190476190476e+000
-3.82439537329127e+001    5.51960010523547e+000
-3.82754994742376e+001    6.27729544856616e+000
-3.82754994742376e+001    7.03499079189687e+000
-3.82754994742376e+001    7.79268613522757e+000
-3.82860147213460e+001    7.15074980268351e+000

-3.33543638275499e+001    1.13128124177848e+000
-3.31019978969506e+001    4.15680084188367e-001
-3.28706624605678e+001   -2.99921073401734e-001
-3.26603575184017e+001   -1.02604577742699e+000
-3.24395373291272e+001   -1.75217048145225e+000
-3.22187171398528e+001   -2.46777163904235e+000
-3.20399579390116e+001   -3.20441988950276e+000
-3.19242902208202e+001   -3.95159168639832e+000
-3.18927444794953e+001   -4.70928702972902e+000
-3.19558359621451e+001   -5.45645882662457e+000
-3.21135646687697e+001   -6.20363062352013e+000
-3.23133543638276e+001   -6.92975532754539e+000
-3.25131440588854e+001   -7.65588003157064e+000
-3.26708727655100e+001   -8.40305182846619e+000
-3.27655099894848e+001   -9.15022362536175e+000
-3.28286014721346e+001   -9.90791896869245e+000
-3.28706624605678e+001   -1.06550907655880e+001
-3.28706624605678e+001   -1.14127861089187e+001
-3.28391167192429e+001   -1.21704814522494e+001
-3.27549947423764e+001   -1.29281767955801e+001
-3.25972660357518e+001   -1.36648250460405e+001
-3.23554153522608e+001   -1.43804262036306e+001
-3.19978969505783e+001   -1.50539331754801e+001
-3.15352260778128e+001   -1.56537753222836e+001
-3.09674027339642e+001   -1.61483820047356e+001
-3.03154574132492e+001   -1.65272296764010e+001
-2.96214511041009e+001   -1.68218889765851e+001
-2.88958990536278e+001   -1.70428834517232e+001
-2.81598317560463e+001   -1.72112601946856e+001
-2.74132492113565e+001   -1.73691133912128e+001
-2.66771819137750e+001   -1.75585372270455e+001
-2.59516298633018e+001   -1.77795317021836e+001
-2.52260778128286e+001   -1.80005261773218e+001
-2.45005257623554e+001   -1.82215206524599e+001
-2.37749737118822e+001   -1.84319915811629e+001
-2.30389064143007e+001   -1.86214154169955e+001
-2.22923238696109e+001   -1.87687450670876e+001
-2.15352260778128e+001   -1.88739805314391e+001
-2.07886435331230e+001   -1.89581689029203e+001
-2.00420609884332e+001   -1.90423572744015e+001
-1.92849631966351e+001   -1.91265456458827e+001
-1.85383806519453e+001   -1.92423046566693e+001
-1.78023133543638e+001   -1.94422520389371e+001
-1.70977917981073e+001   -1.97369113391213e+001
-1.64563617245005e+001   -2.01262825572218e+001
-1.58675078864353e+001   -2.06103656932386e+001
-1.53207150368034e+001   -2.11365430149961e+001
-1.47739221871714e+001   -2.16627203367535e+001
-1.41850683491062e+001   -2.21362799263352e+001
-1.35226077812829e+001   -2.24940805051302e+001
-1.28075709779180e+001   -2.27255985267035e+001
-1.20609884332282e+001   -2.28518810839253e+001
-1.13038906414301e+001   -2.28939752696659e+001
-1.05467928496320e+001   -2.28729281767956e+001
-9.78969505783385e+000   -2.28097868981847e+001
-9.04311251314406e+000   -2.27255985267035e+001
-8.29652996845426e+000   -2.26519337016575e+001
-7.53943217665615e+000   -2.25887924230466e+001
-6.78233438485804e+000   -2.25151275980005e+001
-6.03575184016825e+000   -2.24625098658248e+001
-5.27865404837014e+000   -2.24414627729545e+001
-4.52155625657203e+000   -2.24625098658248e+001
-3.77497371188223e+000   -2.25572217837411e+001
-3.03890641430073e+000   -2.27571691660089e+001
-2.33438485804416e+000   -2.30413049197580e+001
-1.66140904311251e+000   -2.33780584056827e+001
-1.00946372239748e+000   -2.37569060773481e+001
-3.47003154574132e-001   -2.41252302025783e+001
 3.36487907465816e-001   -2.44409365956327e+001
 1.06203995793901e+000   -2.46408839779006e+001
 1.81913774973712e+000   -2.47040252565114e+001
 2.56572029442692e+000   -2.46198368850303e+001
 3.30178759200842e+000   -2.44198895027624e+001
 4.00630914826499e+000   -2.41252302025783e+001
 4.66876971608832e+000   -2.37463825309129e+001
 5.28916929547844e+000   -2.33149171270718e+001
 5.87802313354364e+000   -2.28518810839253e+001
 6.48790746582544e+000   -2.23993685872139e+001
 7.12933753943217e+000   -2.19994738226782e+001
 7.80231335436382e+000   -2.16521967903183e+001
 8.50683491062040e+000   -2.13785845830045e+001
 9.24290220820188e+000   -2.11786372007366e+001
 9.97896950578338e+000   -2.09997369113391e+001
 1.07150368033649e+001   -2.08208366219416e+001
 1.14511041009464e+001   -2.06314127861089e+001
 1.21871713985279e+001   -2.04209418574059e+001
 1.29022082018927e+001   -2.01894238358327e+001
 1.36277602523659e+001   -1.99684293606946e+001
 1.43638275499474e+001   -1.97474348855564e+001
 1.50998948475289e+001   -1.95474875032886e+001
 1.58359621451104e+001   -1.93685872138911e+001
 1.65720294426919e+001   -1.92212575637990e+001
 1.73186119873817e+001   -1.91160220994475e+001
 1.80651945320715e+001   -1.90318337279663e+001
 1.88222923238696e+001   -1.89686924493554e+001
 1.95793901156677e+001   -1.89055511707445e+001
 2.03364879074658e+001   -1.88739805314391e+001
 2.10935856992639e+001   -1.88845040778742e+001
 2.18506834910620e+001   -1.89476453564851e+001
 2.25972660357518e+001   -1.90634043672718e+001
 2.33333333333333e+001   -1.92317811102341e+001
 2.40588853838065e+001   -1.94632991318074e+001
 2.47528916929548e+001   -1.97474348855564e+001
 2.54363827549948e+001   -2.00631412786109e+001
 2.61409043112513e+001   -2.03472770323599e+001
 2.68664563617245e+001   -2.05893186003683e+001
 2.76025236593060e+001   -2.07892659826362e+001
 2.83491062039958e+001   -2.09365956327282e+001
 2.90956887486856e+001   -2.10207840042094e+001
 2.98527865404837e+001   -2.10839252828203e+001
 3.06098843322818e+001   -2.11470665614312e+001
 3.13669821240799e+001   -2.12102078400421e+001
 3.21240799158780e+001   -2.12312549329124e+001
 3.28811777076761e+001   -2.11786372007366e+001
 3.36277602523659e+001   -2.09997369113391e+001
 3.43007360672976e+001   -2.06419363325441e+001
 3.48159831756046e+001   -2.01157590107866e+001
 3.51209253417455e+001   -1.94422520389371e+001
 3.52471083070452e+001   -1.86950802420416e+001
 3.52365930599369e+001   -1.79373848987109e+001
 3.51735015772871e+001   -1.71902131018153e+001
 3.51104100946372e+001   -1.64325177584846e+001
 3.50893796004206e+001   -1.56748224151539e+001
 3.51629863301788e+001   -1.49276506182583e+001
 3.53627760252366e+001   -1.42015259142331e+001
 3.56677181913775e+001   -1.35174953959484e+001
 3.60357518401682e+001   -1.28545119705341e+001
 3.63827549947424e+001   -1.21810049986846e+001
 3.66456361724501e+001   -1.14759273875296e+001
 3.68138801261830e+001   -1.07392791370692e+001
 3.68769716088328e+001   -9.98158379373849e+000
 3.68559411146162e+001   -9.22388845040778e+000
 3.67402733964248e+001   -8.47671665351223e+000
 3.65509989484753e+001   -7.74006840305183e+000
 3.62986330178759e+001   -7.02446724546172e+000
 3.59936908517350e+001   -6.32991318074191e+000
 3.56466876971609e+001   -5.65640620889240e+000
 3.52471083070452e+001   -5.02499342278347e+000
 3.48264984227129e+001   -4.40410418310971e+000
 3.44058885383807e+001   -3.76216785056564e+000
 3.40063091482650e+001   -3.12023151802157e+000
 3.36277602523659e+001   -2.45724809260721e+000
 3.32386961093586e+001   -1.79426466719284e+000
 3.28496319663512e+001   -1.13128124177848e+000
 3.25446898002103e+001   -4.36727177058664e-001
 3.24605678233439e+001    2.68350434096284e-001
 3.26498422712934e+001    9.52380952380949e-001
 3.30283911671924e+001    1.62588792423046e+000
 3.33964248159832e+001    2.32044198895028e+000
 3.35856992639327e+001    3.03604314654038e+000
 3.35015772870663e+001    3.76216785056565e+000
 3.31966351209253e+001    4.44619836885029e+000
 3.27234490010515e+001    5.04604051565377e+000
 3.21661409043112e+001    5.55117074454091e+000
 3.15562565720294e+001    5.99315969481715e+000
 3.09358569926393e+001    6.41410155222310e+000
 3.03259726603575e+001    6.86661404893449e+000
 2.97476340694006e+001    7.35069718495133e+000
 2.92639327024185e+001    7.91896869244935e+000
 2.88748685594111e+001    8.56090502499342e+000
 2.85804416403785e+001    9.26598263614838e+000
 2.83280757097792e+001    9.99210734017363e+000
 2.80441640378549e+001    1.07077084977637e+001
 2.76656151419558e+001    1.13601683767430e+001
 2.71819137749737e+001    1.19179163378058e+001
 2.66035751840168e+001    1.24019994738227e+001
 2.59936908517350e+001    1.28545119705341e+001
 2.53838065194532e+001    1.33070244672455e+001
 2.48264984227129e+001    1.38226782425677e+001
 2.44058885383807e+001    1.44330439358064e+001
 2.41535226077813e+001    1.51381215469613e+001
 2.40588853838065e+001    1.58958168902920e+001
 2.40273396424816e+001    1.66535122336227e+001
 2.39537329127235e+001    1.74112075769534e+001
 2.37539432176656e+001    1.81268087345435e+001
 2.34069400630915e+001    1.87897921599579e+001
 2.29442691903260e+001    1.94001578531965e+001
 2.24079915878023e+001    1.99368587213891e+001
 2.18191377497371e+001    2.03998947645356e+001
 2.11882229232387e+001    2.08103130755064e+001
 2.05257623554154e+001    2.11786372007367e+001
 1.98422712933754e+001    2.14838200473559e+001
 1.91167192429022e+001    2.17153380689292e+001
 1.83806519453207e+001    2.19047619047619e+001
 1.76340694006309e+001    2.20520915548540e+001
 1.68874868559411e+001    2.21888976585109e+001
 1.61514195583596e+001    2.23467508550382e+001
 1.54363827549947e+001    2.25887924230466e+001
 1.47634069400631e+001    2.29255459089713e+001
 1.41535226077813e+001    2.33570113128124e+001
 1.35856992639327e+001    2.38621415416996e+001
 1.30389064143007e+001    2.43883188634570e+001
 1.24605678233439e+001    2.48724019994738e+001
 1.18296529968454e+001    2.52828203104446e+001
 1.11461619348055e+001    2.56090502499342e+001
 1.04416403785489e+001    2.58721389108130e+001
 9.71608832807571e+000    2.60720862930808e+001
 8.98002103049423e+000    2.62615101289134e+001
 8.24395373291273e+000    2.64614575111813e+001
 7.51840168243953e+000    2.66719284398842e+001
 6.78233438485805e+000    2.68613522757169e+001
 6.03575184016823e+000    2.70297290186793e+001
 5.29968454258675e+000    2.71665351223362e+001
 4.55310199789696e+000    2.72822941331229e+001
 3.80651945320715e+000    2.73875295974743e+001
 3.05993690851734e+000    2.74822415153907e+001
 2.31335436382756e+000    2.75769534333070e+001
 1.55625657202944e+000    2.76400947119179e+001
 7.99158780231338e-001    2.76716653512234e+001
 4.20609884332350e-002    2.76400947119179e+001
-7.04521556256573e-001    2.75559063404367e+001
-1.45110410094637e+000    2.74191002367798e+001
-2.18717139852787e+000    2.72822941331229e+001
-2.94426919032597e+000    2.72086293080768e+001
-3.71188222923239e+000    2.72507234938174e+001
-4.43743427970558e+000    2.74296237832150e+001
-5.09989484752892e+000    2.77663772691397e+001
-5.68874868559411e+000    2.82294133122862e+001
-6.22502628811777e+000    2.87661141804788e+001
-6.75078864353312e+000    2.93133385951066e+001
-7.30809674027339e+000    2.98184688239937e+001
-7.92849631966352e+000    3.02499342278348e+001
-8.62250262881177e+000    3.05656406208892e+001
-9.35856992639327e+000    3.07550644567219e+001
-1.01051524710831e+001    3.08602999210734e+001
-1.08622502628812e+001    3.08918705603788e+001
-1.16193480546793e+001    3.08602999210734e+001
-1.23764458464774e+001    3.08182057353328e+001
-1.31335436382755e+001    3.07971586424625e+001
-1.38906414300736e+001    3.07761115495922e+001
-1.46477392218717e+001    3.07340173638516e+001
-1.54048370136698e+001    3.06708760852407e+001
-1.61619348054679e+001    3.05866877137595e+001
-1.69085173501577e+001    3.04919757958432e+001
-1.76550998948475e+001    3.03656932386214e+001
-1.83911671924290e+001    3.01762694027887e+001
-1.91062039957939e+001    2.99237042883452e+001
-1.98002103049422e+001    2.96290449881610e+001
-2.04521556256572e+001    2.92607208629308e+001
-2.10725552050473e+001    2.88292554590897e+001
-2.16719242902208e+001    2.83662194159432e+001
-2.22607781282860e+001    2.78821362799263e+001
-2.28286014721346e+001    2.73770060510392e+001
-2.33753943217666e+001    2.68613522757169e+001
-2.39116719242902e+001    2.63351749539595e+001
-2.44374342797056e+001    2.57879505393318e+001
-2.49631966351209e+001    2.52512496711392e+001
-2.55099894847529e+001    2.47250723493817e+001
-2.60883280757098e+001    2.42304656669298e+001
-2.67087276550999e+001    2.37884767166535e+001
-2.73501577287066e+001    2.33991054985530e+001
-2.80336487907466e+001    2.30518284661931e+001
-2.87276550998948e+001    2.27361220731386e+001
-2.94321766561514e+001    2.24414627729545e+001
-3.01261829652997e+001    2.21257563799000e+001
-3.07886435331230e+001    2.17574322546698e+001
-3.14090431125131e+001    2.13259668508287e+001
-3.19768664563617e+001    2.08313601683767e+001
-3.24921135646688e+001    2.02736122073139e+001
-3.29442691903260e+001    1.96632465140752e+001
-3.33333333333333e+001    1.90107866350960e+001
-3.36593059936909e+001    1.83267561168114e+001
-3.39327024185068e+001    1.76216785056564e+001
-3.41745531019979e+001    1.68955538016312e+001
-3.43953732912724e+001    1.61799526440410e+001
-3.45951629863302e+001    1.54538279400158e+001
-3.47634069400631e+001    1.47066561431202e+001
-3.49001051524711e+001    1.39594843462247e+001
-3.49947423764458e+001    1.32017890028940e+001
-3.50157728706625e+001    1.24440936595633e+001
-3.49842271293375e+001    1.16863983162326e+001
-3.49211356466877e+001    1.09287029729019e+001
-3.48159831756046e+001    1.01815311760063e+001
-3.47108307045216e+001    9.43435937911076e+000
-3.46267087276551e+001    8.67666403578006e+000
-3.45636172450053e+001    7.91896869244935e+000
-3.45110410094637e+001    7.17179689555380e+000
-3.44584647739222e+001    6.41410155222310e+000
-3.43953732912724e+001    5.66692975532754e+000
-3.43112513144059e+001    4.91975795843199e+000
-3.41850683491062e+001    4.17258616153643e+000
-3.40063091482650e+001    3.43593791107603e+000
-3.38170347003155e+001    2.69928966061563e+000
-3.36172450052576e+001    1.97316495659037e+000
-3.33543638275499e+001    1.25756379900026e+000
-3.35751840168244e+001    1.85740594580373e+000

-2.50262881177708e+001    1.40752433570113e+001
-2.50368033648791e+001    1.48329387003420e+001
-2.51104100946372e+001    1.55801104972376e+001
-2.51209253417455e+001    1.63378058405683e+001
-2.49947423764458e+001    1.70849776374638e+001
-2.47213459516299e+001    1.77690081557485e+001
-2.43007360672976e+001    1.83898973954223e+001
-2.37854889589905e+001    1.89476453564851e+001
-2.32281808622503e+001    1.94632991318074e+001
-2.26393270241851e+001    1.99368587213891e+001
-2.20294426919033e+001    2.03893712181005e+001
-2.14090431125131e+001    2.08208366219416e+001
-2.07781282860147e+001    2.12417784793475e+001
-2.01261829652997e+001    2.16206261510129e+001
-1.94321766561514e+001    2.19363325440673e+001
-1.87171398527865e+001    2.21888976585109e+001
-1.79810725552050e+001    2.23888450407787e+001
-1.72450052576236e+001    2.25677453301763e+001
-1.65089379600421e+001    2.27255985267035e+001
-1.57623554153523e+001    2.28729281767956e+001
-1.50262881177708e+001    2.30518284661931e+001
-1.43112513144059e+001    2.32728229413312e+001
-1.35962145110410e+001    2.35043409629045e+001
-1.28601472134595e+001    2.37148118916075e+001
-1.21240799158780e+001    2.38831886345698e+001
-1.13774973711882e+001    2.39568534596159e+001
-1.06203995793901e+001    2.39252828203104e+001
-9.87381703470032e+000    2.37779531702184e+001
-9.14826498422713e+000    2.35464351486451e+001
-8.45425867507886e+000    2.32412523020258e+001
-7.78128286014721e+000    2.28834517232307e+001
-7.11882229232387e+000    2.25151275980005e+001
-6.44584647739222e+000    2.21678505656406e+001
-5.75184016824396e+000    2.18626677190213e+001
-5.04731861198739e+000    2.15680084188371e+001
-4.34279705573081e+000    2.12838726650881e+001
-3.63827549947424e+000    2.10102604577743e+001
-2.92323869610936e+000    2.07576953433307e+001
-2.20820189274448e+000    2.05156537753223e+001
-1.49316508937960e+000    2.02736122073139e+001
-7.78128286014720e-001    2.00315706393054e+001
-7.36067297581471e-002    1.97790055248619e+001
 6.30914826498419e-001    1.95053933175480e+001
 1.32492113564669e+000    1.92212575637990e+001
 1.99789695057834e+000    1.88845040778742e+001
 2.63932702418507e+000    1.84951328597737e+001
 3.23869610935857e+000    1.80426203630624e+001
 3.77497371188223e+000    1.75059194948698e+001
 4.22712933753944e+000    1.68955538016312e+001
 4.62670872765510e+000    1.62536174690871e+001
 4.99474237644584e+000    1.55906340436727e+001
 5.36277602523660e+000    1.49276506182584e+001
 5.78338590956886e+000    1.43067613785846e+001
 6.29863301787591e+000    1.37595369639569e+001
 6.89800210304942e+000    1.32859773743752e+001
 7.56046267087277e+000    1.29281767955801e+001
 8.27549947423765e+000    1.26861352275717e+001
 9.02208201892745e+000    1.25177584846093e+001
 9.76866456361725e+000    1.23914759273875e+001
 1.05152471083071e+001    1.22651933701657e+001
 1.12513144058886e+001    1.21283872665088e+001
 1.19978969505783e+001    1.19915811628519e+001
 1.27339642481598e+001    1.18232044198895e+001
 1.34700315457413e+001    1.16443041304920e+001
 1.42060988433228e+001    1.14338332017890e+001
 1.49106203995794e+001    1.11496974480400e+001
 1.55730809674027e+001    1.07918968692449e+001
 1.61619348054679e+001    1.03288608260984e+001
 1.66771819137750e+001    9.78163641147066e+000
 1.71188222923239e+001    9.17127071823204e+000
 1.75394321766561e+001    8.52933438568797e+000
 1.79810725552050e+001    7.91896869244935e+000
 1.84858044164038e+001    7.35069718495133e+000
 1.90431125131441e+001    6.83504340962905e+000
 1.96109358569926e+001    6.32991318074191e+000
 2.01472134595163e+001    5.80373585898447e+000
 2.06624605678233e+001    5.25651144435675e+000
 2.11671924290221e+001    4.68823993685872e+000
 2.16193480546793e+001    4.07787424362010e+000
 2.20294426919033e+001    3.44646145751118e+000
 2.24185068349106e+001    2.80452512496711e+000
 2.27760252365931e+001    2.14154169955275e+000
 2.31019978969506e+001    1.45751118126808e+000
 2.33964248159832e+001    7.52433570113126e-001
 2.36487907465825e+001    3.68324125230259e-002
 2.38485804416404e+001   -6.99815837937386e-001
 2.39852786540484e+001   -1.43646408839779e+000
 2.40273396424816e+001   -2.19415943172849e+000
 2.40273396424816e+001   -2.95185477505920e+000
 2.40483701366982e+001   -3.70955011838990e+000
 2.41745531019979e+001   -4.45672191528546e+000
 2.44374342797056e+001   -5.15127598000526e+000
 2.47949526813880e+001   -5.82478295185477e+000
 2.51209253417455e+001   -6.50881347013944e+000
 2.53207150368034e+001   -7.23493817416469e+000
 2.53417455310200e+001   -7.98210997106025e+000
 2.51629863301788e+001   -8.71875822152065e+000
 2.48159831756046e+001   -9.38174164693502e+000
 2.43112513144059e+001   -9.95001315443304e+000
 2.37118822292324e+001   -1.04340962904499e+001
 2.30494216614090e+001   -1.07918968692449e+001
 2.23343848580442e+001   -1.10339384372534e+001
 2.15878023133544e+001   -1.11917916337806e+001
 2.08307045215563e+001   -1.12970270981321e+001
 2.00736067297582e+001   -1.13496448303078e+001
 1.93165089379601e+001   -1.13706919231781e+001
 1.85594111461619e+001   -1.14022625624836e+001
 1.78023133543638e+001   -1.14443567482242e+001
 1.70452155625657e+001   -1.14969744803999e+001
 1.62986330178759e+001   -1.15601157590108e+001
 1.55520504731861e+001   -1.16337805840568e+001
 1.47949526813880e+001   -1.16969218626677e+001
 1.40378548895899e+001   -1.17495395948435e+001
 1.32807570977918e+001   -1.17390160484083e+001
 1.25341745531020e+001   -1.16443041304920e+001
 1.17981072555205e+001   -1.14969744803999e+001
 1.10620399579390e+001   -1.13075506445672e+001
 1.03259726603575e+001   -1.11181268087345e+001
 9.56887486855940e+000   -1.10128913443831e+001
 8.82229232386960e+000   -1.10865561694291e+001
 8.13880126182966e+000   -1.13601683767430e+001
 7.54994742376445e+000   -1.18126808734544e+001
 7.03470031545741e+000   -1.23704288345172e+001
 6.51945320715036e+000   -1.29387003420153e+001
 5.97266035751839e+000   -1.34648776637727e+001
 5.38380651945320e+000   -1.39279137069192e+001
 4.74237644584647e+000   -1.43172849250197e+001
 4.03785488958991e+000   -1.46119442252039e+001
 3.30178759200842e+000   -1.47908445146014e+001
 2.55520504731861e+000   -1.48645093396475e+001
 1.79810725552051e+000   -1.48645093396475e+001
 1.04100946372239e+000   -1.48224151539069e+001
 2.83911671924287e-001   -1.47803209681663e+001
-4.73186119873816e-001   -1.47697974217311e+001
-1.23028391167193e+000   -1.47908445146014e+001
-1.98738170347004e+000   -1.48329387003420e+001
-2.74447949526814e+000   -1.48645093396475e+001
-3.50157728706625e+000   -1.48855564325178e+001
-4.25867507886436e+000   -1.48855564325178e+001
-5.01577287066246e+000   -1.48539857932123e+001
-5.77287066246056e+000   -1.47908445146014e+001
-6.51945320715037e+000   -1.46750855038148e+001
-7.24500525762355e+000   -1.44751381215470e+001
-7.96004206098844e+000   -1.42120494606682e+001
-8.65404837013669e+000   -1.39068666140489e+001
-9.33753943217665e+000   -1.35806366745593e+001
-1.00000000000000e+001   -1.32123125493291e+001
-1.06309148264984e+001   -1.28018942383583e+001
-1.12618296529969e+001   -1.23809523809524e+001
-1.18927444794953e+001   -1.19494869771113e+001
-1.25131440588854e+001   -1.15180215732702e+001
-1.31440588853838e+001   -1.10970797158642e+001
-1.38065194532072e+001   -1.07182320441989e+001
-1.45005257623554e+001   -1.04130491975796e+001
-1.52365930599369e+001   -1.01920547224415e+001
-1.59726603575184e+001   -1.00236779794791e+001
-1.67192429022082e+001   -9.91844251512760e+000
-1.74658254468980e+001   -9.83425414364641e+000
-1.82124079915878e+001   -9.73954222573007e+000
-1.89589905362776e+001   -9.65535385424889e+000
-1.97055730809674e+001   -9.55011838989739e+000
-2.04416403785489e+001   -9.39226519337017e+000
-2.11671924290221e+001   -9.17127071823204e+000
-2.18717139852787e+001   -8.90818205735333e+000
-2.25552050473186e+001   -8.57142857142858e+000
-2.31861198738170e+001   -8.16101026045778e+000
-2.37749737118822e+001   -7.67692712444094e+000
-2.42902208201893e+001   -7.11917916337806e+000
-2.47318611987382e+001   -6.49828992370429e+000
-2.50893796004206e+001   -5.83530649828992e+000
-2.53732912723449e+001   -5.13022888713497e+000
-2.56151419558360e+001   -4.41462772954486e+000
-2.58149316508938e+001   -3.67797947908446e+000
-2.59831756046267e+001   -2.94133122862404e+000
-2.61303890641430e+001   -2.19415943172849e+000
-2.62565720294427e+001   -1.44698763483294e+000
-2.63617245005258e+001   -6.99815837937386e-001
-2.64879074658254e+001    4.73559589581640e-002
-2.66246056782334e+001    7.84004209418583e-001
-2.67823343848580e+001    1.53117600631413e+000
-2.69505783385910e+001    2.26782425677454e+000
-2.71083070452156e+001    3.00447250723494e+000
-2.72555205047319e+001    3.75164430413049e+000
-2.73922187171399e+001    4.48829255459090e+000
-2.75078864353312e+001    5.23546435148646e+000
-2.75814931650894e+001    5.98263614838200e+000
-2.76445846477392e+001    6.74033149171271e+000
-2.76866456361725e+001    7.49802683504342e+000
-2.76866456361725e+001    8.25572217837411e+000
-2.76235541535226e+001    9.01341752170481e+000
-2.74658254468980e+001    9.75006577216523e+000
-2.71924290220820e+001    1.04551433833202e+001
-2.68138801261830e+001    1.10970797158642e+001
-2.63617245005258e+001    1.16969218626677e+001
-2.58780231335436e+001    1.22862404630361e+001
-2.54258675078864e+001    1.29071297027098e+001
-2.50998948475289e+001    1.35911602209945e+001
-2.50157728706625e+001    1.43488555643252e+001
-2.52365930599369e+001    1.33491186529861e+001

-1.67507886435331e+001   -2.69928966061563e+000
-1.71293375394322e+001   -2.88871349644830e+000
-1.86435331230284e+001   -3.45698500394633e+000
-1.97791798107256e+001   -3.55169692186267e+000
-2.07255520504732e+001   -3.07813733228098e+000
-2.14826498422713e+001   -2.50986582478296e+000
-2.19558359621451e+001   -1.65745856353591e+000
-2.22397476340694e+001   -8.99763220205209e-001
-2.26182965299685e+001    4.73559589581640e-002
-2.29968454258675e+001    8.05051302288867e-001
-2.31861198738170e+001    1.46803472770323e+000
-2.35646687697161e+001    2.32044198895028e+000
-2.39432176656151e+001    3.26756116811365e+000
-2.41324921135647e+001    3.74112075769534e+000
-2.42271293375394e+001    4.21468034727704e+000
-2.44164037854890e+001    6.10891870560378e+000
-2.43217665615142e+001    6.67719021310182e+000
-2.42271293375394e+001    7.15074980268351e+000
-2.40378548895899e+001    7.52959747434885e+000
-2.38485804416404e+001    7.90844514601420e+000
-2.34700315457413e+001    8.28729281767956e+000
-2.30914826498423e+001    8.66614048934491e+000
-2.23343848580442e+001    9.04498816101027e+000
-2.16719242902208e+001    9.13970007892661e+000
-2.11041009463722e+001    9.23441199684294e+000
-2.02523659305994e+001    9.13970007892661e+000
-1.90220820189274e+001    9.04498816101027e+000
-1.76025236593060e+001    8.85556432517758e+000
-1.67507886435331e+001    8.57142857142857e+000
-1.58044164037855e+001    7.90844514601420e+000
-1.46687697160883e+001    6.58247829518548e+000
-1.38170347003155e+001    5.35122336227307e+000
-1.33543638275499e+001    4.75138121546961e+000
-1.31545741324921e+001    4.21468034727704e+000
-1.29652996845426e+001    3.17284925019732e+000
-1.30599369085174e+001    2.13101815311759e+000
-1.33438485804416e+001    1.27861089187056e+000
-1.38170347003155e+001    5.20915548539861e-001
-1.42902208201893e+001   -2.36779794790849e-001
-1.47634069400631e+001   -8.05051302288867e-001
-1.53312302839117e+001   -1.37332280978690e+000
-1.58044164037855e+001   -1.94159431728492e+000
-1.62776025236593e+001   -2.32044198895028e+000

-9.74763406940063e+000   -4.78295185477506e+000
-9.46372239747634e+000   -4.49881610102605e+000
-9.17981072555205e+000   -4.30939226519337e+000
-8.51735015772871e+000   -3.83583267561168e+000
-7.66561514195583e+000   -3.45698500394633e+000
-6.71924290220820e+000   -3.17284925019732e+000
-5.58359621451104e+000   -3.07813733228098e+000
-4.63722397476340e+000   -3.26756116811366e+000
-3.88012618296530e+000   -3.93054459352802e+000
-3.31230283911672e+000   -4.68823993685872e+000
-2.83911671924290e+000   -5.82478295185477e+000
-2.74447949526814e+000   -6.86661404893449e+000
-2.74447949526814e+000   -7.81373322809787e+000
-3.21766561514195e+000   -8.66614048934491e+000
-4.06940063091483e+000   -9.04498816101026e+000
-4.82649842271294e+000   -9.32912391475927e+000
-5.86750788643533e+000   -9.32912391475927e+000
-7.00315457413249e+000   -9.23441199684294e+000
-7.57097791798108e+000   -9.04498816101026e+000
-8.32807570977918e+000   -8.57142857142858e+000
-8.89589905362776e+000   -8.19258089976322e+000
-9.55835962145110e+000   -7.43488555643252e+000
-9.84227129337539e+000   -6.77190213101815e+000
-1.01261829652997e+001   -5.91949486977111e+000
-1.00315457413249e+001   -5.35122336227309e+000

-5.53101997896950e+000    7.09813207050776e+000
-4.87907465825447e+000    7.48750328860827e+000
-4.13249211356467e+000    7.58221520652461e+000
-3.38590956887487e+000    7.45593264930281e+000
-2.68138801261830e+000    7.18232044198895e+000
-2.03995793901157e+000    6.79294922388846e+000
-1.45110410094637e+000    6.31938963430676e+000
-9.04311251314411e-001    5.79321231254933e+000
-4.10094637223970e-001    5.21441725861615e+000
 4.20609884332350e-002    4.59352801894239e+000
 4.20609884332286e-001    3.92002104709287e+000
 6.41430073606728e-001    3.18337279663246e+000
 5.67823343848573e-001    2.44672454617206e+000
 1.57728706624603e-001    1.89950013154434e+000
-4.94216614090433e-001    1.63641147066561e+000
-1.24079915878023e+000    1.64693501710077e+000
-1.98738170347004e+000    1.82583530649830e+000
-2.71293375394322e+000    2.08892396737701e+000
-3.41745531019979e+000    2.40463036043147e+000
-4.09043112513144e+000    2.76243093922652e+000
-4.70031545741325e+000    3.20441988950276e+000
-5.23659305993691e+000    3.74112075769534e+000
-5.67823343848580e+000    4.34096290449882e+000
-5.99369085173502e+000    5.02499342278348e+000
-6.10935856992639e+000    5.77216521967904e+000
-5.95162986330179e+000    6.50881347013944e+000

 1.58044164037855e+001   -1.75217048145225e+000
 1.63722397476341e+001   -7.10339384372531e-001
 1.67507886435331e+001   -4.73559589581711e-002
 1.74132492113565e+001    5.20915548539861e-001
 1.82649842271293e+001    8.05051302288867e-001
 1.91167192429022e+001    5.20915548539861e-001
 1.96845425867508e+001    2.36779794790849e-001
 1.98738170347003e+001   -3.31491712707184e-001
 1.99684542586751e+001   -1.08918705603789e+000
 1.97791798107256e+001   -1.75217048145225e+000
 1.92113564668770e+001   -2.41515390686661e+000
 1.86435331230284e+001   -3.26756116811366e+000
 1.81703470031546e+001   -4.11996842936070e+000
 1.77917981072555e+001   -4.97237569060773e+000
 1.72239747634069e+001   -5.73007103393844e+000
 1.66561514195584e+001   -6.20363062352013e+000
 1.59936908517350e+001   -6.48776637726914e+000
 1.51419558359622e+001   -6.39305445935280e+000
 1.45741324921136e+001   -6.20363062352013e+000
 1.41009463722397e+001   -5.73007103393844e+000
 1.37960042060988e+001   -4.68823993685872e+000
 1.43848580441640e+001   -3.64640883977900e+000
 1.49526813880126e+001   -2.98342541436464e+000
 1.54574132492114e+001   -2.42567745330176e+000

-1.69400630914826e+001    1.76637726913970e+001
-1.55205047318612e+001    1.79479084451460e+001
-1.40063091482650e+001    1.82320441988950e+001
-1.25867507886435e+001    1.86108918705604e+001
-1.10725552050473e+001    1.87056037884767e+001
-9.65299684542587e+000    1.87056037884767e+001
-8.61198738170347e+000    1.83267561168114e+001
-7.76025236593060e+000    1.77584846093133e+001
-7.09779179810726e+000    1.70007892659826e+001
-7.38170347003155e+000    1.59589581689029e+001
-8.61198738170347e+000    1.48224151539069e+001
-9.84227129337539e+000    1.37805840568272e+001
-1.07886435331230e+001    1.29281767955801e+001
-1.17350157728707e+001    1.20757695343331e+001
-1.26813880126183e+001    1.13180741910024e+001
-1.37223974763407e+001    1.08445146014207e+001
-1.46687697160883e+001    1.05603788476717e+001
-1.58044164037855e+001    1.05603788476717e+001
-1.67507886435331e+001    1.07498026835043e+001
-1.76025236593060e+001    1.12233622730860e+001
-1.83596214511041e+001    1.17916337805841e+001
-1.89274447949527e+001    1.22651933701657e+001
-1.89800210304942e+001    1.23072875559063e+001
-1.93690851735016e+001    1.29492238884504e+001
-2.01577287066246e+001    1.52012628255722e+001
-2.00946372239748e+001    1.59589581689029e+001
-1.97791798107256e+001    1.65272296764010e+001
-1.87381703470031e+001    1.72849250197317e+001
