 3.87066246056782e+001    2.20626151012891e+001
 3.88643533123028e+001    2.13259668508287e+001
 3.89905362776025e+001    2.05787950539332e+001
 3.91167192429022e+001    1.98421468034728e+001
 3.92534174553102e+001    1.90949750065772e+001
 3.94426919032597e+001    1.83583267561168e+001
 3.96740273396425e+001    1.76427255985267e+001
 3.99474237644585e+001    1.69376479873717e+001
 4.02313354363828e+001    1.62325703762168e+001
 3.85068349106204e+001    2.27992633517495e+001
 3.82754994742376e+001    2.35253880557748e+001
 3.80126182965300e+001    2.42409892133649e+001
 3.76866456361725e+001    2.49250197316496e+001
 3.73186119873817e+001    2.55985267034991e+001
 3.69085173501577e+001    2.62404630360432e+001
 3.64563617245005e+001    2.68403051828466e+001
 3.59621451104101e+001    2.74191002367798e+001
 3.54574132492114e+001    2.79873717442778e+001
 3.49526813880126e+001    2.85451197053407e+001
 3.44479495268139e+001    2.91133912128387e+001
 3.39327024185068e+001    2.96711391739016e+001
 3.33859095688749e+001    3.01973164956590e+001
 3.28180862250263e+001    3.06919231781110e+001
 3.21976866456362e+001    3.11128650355170e+001
 3.15352260778128e+001    3.14706656143120e+001
 3.08412197686646e+001    3.17863720073665e+001
 3.01577287066246e+001    3.21231254932912e+001
 2.94952681388013e+001    3.25019731649566e+001
 2.88748685594111e+001    3.29334385687977e+001
 2.82754994742376e+001    3.33964746119442e+001
 2.76971608832808e+001    3.38910812943962e+001
 2.71398527865405e+001    3.44067350697185e+001
 2.66035751840168e+001    3.49434359379111e+001
 2.60883280757098e+001    3.55011838989739e+001
 2.55941114616193e+001    3.60694554064720e+001
 2.51524710830705e+001    3.66798210997106e+001
 2.47528916929548e+001    3.73322809786898e+001
 2.43848580441640e+001    3.79952644041042e+001
 2.40273396424816e+001    3.86582478295186e+001
 2.36698212407992e+001    3.93212312549329e+001
 2.32912723449001e+001    3.99736911339121e+001
 2.28811777076761e+001    4.06156274664562e+001
 2.24605678233439e+001    4.12786108918706e+001
 2.22082018927445e+001    4.19626414101552e+001
 2.22502628811777e+001    4.26466719284399e+001
 2.24605678233439e+001    4.33412259931597e+001
 2.25552050473186e+001    4.40883977900553e+001
 2.23238696109359e+001    4.42567745330176e+001
 2.15772870662461e+001    4.41515390686661e+001
 2.08517350157729e+001    4.39831623257038e+001
 2.01051524710831e+001    4.38884504077874e+001
 1.93480546792850e+001    4.39305445935280e+001
 1.85909568874869e+001    4.40252565114444e+001
 1.78338590956888e+001    4.40463036043147e+001
 1.71188222923239e+001    4.38779268613523e+001
 1.65089379600421e+001    4.34780320968166e+001
 1.60357518401682e+001    4.28887134964483e+001
 1.56782334384858e+001    4.22046829781636e+001
 1.53522607781283e+001    4.15101289134438e+001
 1.49842271293375e+001    4.08471454880295e+001
 1.45215562565720e+001    4.02578268876611e+001
 1.39432176656151e+001    3.97842672980795e+001
 1.32702418506835e+001    3.94580373585898e+001
 1.25341745531020e+001    3.92370428834517e+001
 1.17981072555205e+001    3.90476190476190e+001
 1.10725552050473e+001    3.88161010260458e+001
 1.03785488958991e+001    3.85214417258616e+001
 9.70557308096740e+000    3.81741646935017e+001
 9.03259726603575e+000    3.78268876611418e+001
 8.33859095688749e+000    3.75111812680873e+001
 7.62355415352261e+000    3.72480926072086e+001
 6.88748685594112e+000    3.70481452249408e+001
 6.15141955835962e+000    3.68797684819784e+001
 5.40483701366982e+000    3.67534859247566e+001
 4.65825446898002e+000    3.66377269139700e+001
 3.91167192429022e+000    3.65219679031834e+001
 3.15457413249212e+000    3.64377795317022e+001
 2.40799158780231e+000    3.63851617995264e+001
 1.65089379600420e+000    3.63851617995264e+001
 8.93796004206095e-001    3.64377795317022e+001
 1.47213459516301e-001    3.65430149960537e+001
-5.99369085173500e-001    3.66587740068403e+001
-1.33543638275499e+000    3.67955801104972e+001
-2.08201892744479e+000    3.69323862141542e+001
-2.82860147213460e+000    3.70270981320705e+001
-3.58569926393270e+000    3.70586687713759e+001
-4.34279705573080e+000    3.70060510392002e+001
-5.07886435331230e+000    3.68902920284136e+001
-5.82544689800210e+000    3.67745330176269e+001
-6.58254468980020e+000    3.67429623783215e+001
-7.32912723449002e+000    3.68271507498027e+001
-8.06519453207150e+000    3.70165745856354e+001
-8.78023133543638e+000    3.72480926072086e+001
-9.49526813880125e+000    3.74796106287819e+001
-1.02313354363828e+001    3.76795580110497e+001
-1.09674027339642e+001    3.78689818468824e+001
-1.17034700315457e+001    3.80268350434096e+001
-1.24500525762355e+001    3.81320705077611e+001
-1.32071503680336e+001    3.81741646935017e+001
-1.39642481598318e+001    3.81636411470666e+001
-1.47108307045216e+001    3.81215469613260e+001
-1.54679284963197e+001    3.80584056827151e+001
-1.62250262881178e+001    3.79847408576690e+001
-1.69716088328076e+001    3.78900289397527e+001
-1.77181913774974e+001    3.78058405682715e+001
-1.84647739221872e+001    3.77426992896606e+001
-1.92218717139853e+001    3.76900815574849e+001
-1.99789695057834e+001    3.76164167324388e+001
-2.07255520504732e+001    3.74901341752171e+001
-2.14616193480547e+001    3.72901867929492e+001
-2.21661409043112e+001    3.69955274927651e+001
-2.28286014721346e+001    3.66272033675349e+001
-2.34595162986330e+001    3.62062615101289e+001
-2.40799158780231e+001    3.57642725598527e+001
-2.46898002103049e+001    3.53117600631413e+001
-2.52996845425868e+001    3.48592475664299e+001
-2.58990536277603e+001    3.43856879768482e+001
-2.64668769716088e+001    3.38805577479611e+001
-2.69926393270242e+001    3.33438568797685e+001
-2.74973711882229e+001    3.27755853722705e+001
-2.79915878023134e+001    3.22073138647724e+001
-2.84752891692955e+001    3.16179952644041e+001
-2.89484752891693e+001    3.10286766640358e+001
-2.94216614090431e+001    3.04288345172323e+001
-2.98527865404837e+001    2.98184688239937e+001
-3.01892744479495e+001    2.91554853985793e+001
-3.03995793901157e+001    2.84293606945541e+001
-3.05047318611987e+001    2.76716653512234e+001
-3.05678233438486e+001    2.69139700078927e+001
-3.06940063091483e+001    2.61667982109971e+001
-3.09779179810726e+001    2.54617205998421e+001
-3.14405888538381e+001    2.48724019994738e+001
-3.20399579390116e+001    2.44198895027624e+001
-3.27129337539432e+001    2.40726124704025e+001
-3.34174553101998e+001    2.37779531702184e+001
-3.41219768664564e+001    2.34938174164694e+001
-3.48159831756046e+001    2.31991581162852e+001
-3.54994742376446e+001    2.28729281767956e+001
-3.61514195583596e+001    2.24835569586951e+001
-3.67507886435331e+001    2.20310444619837e+001
-3.72975814931651e+001    2.15048671402263e+001
-3.77812828601472e+001    2.09260720862931e+001
-3.82018927444795e+001    2.03051828466193e+001
-3.85488958990536e+001    1.96316758747698e+001
-3.88433228180862e+001    1.89371218100500e+001
-3.91272344900105e+001    1.82320441988950e+001
-3.94111461619348e+001    1.75269665877401e+001
-3.97055730809674e+001    1.68324125230203e+001
-4.00210304942166e+001    1.61378584583004e+001
-4.03575184016824e+001    1.54538279400158e+001
-4.07465825446898e+001    1.48118916074717e+001
-4.11882229232387e+001    1.41910023677980e+001
-4.16614090431125e+001    1.35911602209945e+001
-4.21345951629863e+001    1.29913180741910e+001
-4.25972660357518e+001    1.23914759273875e+001
-4.30178759200841e+001    1.17600631412786e+001
-4.33753943217666e+001    1.10865561694291e+001
-4.36487907465825e+001    1.03814785582741e+001
-4.38065194532072e+001    9.64483030781373e+000
-4.38696109358570e+001    8.88713496448302e+000
-4.38906414300736e+001    8.12943962115233e+000
-4.39747634069401e+001    7.38226782425677e+000
-4.42166140904311e+001    6.67719021310182e+000
-4.45951629863302e+001    6.01420678768746e+000
-4.50052576235541e+001    5.37227045514338e+000
-4.53522607781283e+001    4.69876348329387e+000
-4.55520504731861e+001    3.98316232570377e+000
-4.55625657202944e+001    3.22546698237306e+000
-4.53943217665615e+001    2.48881873191266e+000
-4.51104100946372e+001    1.78374112075770e+000
-4.48580441640379e+001    1.06813996316759e+000
-4.47634069400631e+001    3.31491712707191e-001
-4.48790746582545e+001   -3.94632991318069e-001
-4.51629863301788e+001   -1.09971060247304e+000
-4.55205047318612e+001   -1.77321757432255e+000
-4.58780231335436e+001   -2.44672454617206e+000
-4.62039957939012e+001   -3.13075506445672e+000
-4.64879074658254e+001   -3.83583267561168e+000
-4.67613038906414e+001   -4.55143383320178e+000
-4.70557308096740e+001   -5.25651144435675e+000
-4.74132492113565e+001   -5.91949486977111e+000
-4.78759200841220e+001   -6.49828992370429e+000
-4.84437434279706e+001   -6.99289660615628e+000
-4.90746582544690e+001   -7.41383846356222e+000
-4.97266035751840e+001   -7.80320968166272e+000
-5.03680336487907e+001   -8.20310444619837e+000
-5.09884332281809e+001   -8.63456985003946e+000
-5.15667718191377e+001   -9.11865298605630e+000
-5.21135646687697e+001   -9.63430676137858e+000
-5.26182965299685e+001   -1.01920547224415e+001
-5.30704521556256e+001   -1.08024204156801e+001
-5.34595162986330e+001   -1.14548802946593e+001
-5.37749737118822e+001   -1.21389108129440e+001
-5.40588853838065e+001   -1.28439884240989e+001
-5.43322818086225e+001   -1.35595895816890e+001
-5.46056782334385e+001   -1.42646671928440e+001
-5.49001051524711e+001   -1.49697448039989e+001
-5.51945320715037e+001   -1.56642988687188e+001
-5.55099894847529e+001   -1.63588529334386e+001
-5.58149316508938e+001   -1.70639305445935e+001
-5.60567823343848e+001   -1.77795317021836e+001
-5.61829652996845e+001   -1.85161799526440e+001
-5.61829652996845e+001   -1.92738752959747e+001
-5.60357518401682e+001   -2.00210470928703e+001
-5.57413249211356e+001   -2.07156011575901e+001
-5.53417455310200e+001   -2.13680610365693e+001
-5.49001051524711e+001   -2.20099973691134e+001
-5.44269190325973e+001   -2.26203630623520e+001
-5.38906414300736e+001   -2.31360168376743e+001
-5.32597266035752e+001   -2.34517232307288e+001
-5.25446898002103e+001   -2.34727703235991e+001
-5.18401682439537e+001   -2.32096816627203e+001
-5.11882229232387e+001   -2.27887398053144e+001
-5.05783385909569e+001   -2.23257037621678e+001
-4.99579390115668e+001   -2.18731912654565e+001
-4.93165089379601e+001   -2.14732965009208e+001
-4.86435331230284e+001   -2.11260194685609e+001
-4.79390115667718e+001   -2.08524072612470e+001
-4.72029442691903e+001   -2.06735069718495e+001
-4.64563617245005e+001   -2.06735069718495e+001
-4.57728706624606e+001   -2.09155485398579e+001
-4.51735015772871e+001   -2.13680610365693e+001
-4.46372239747634e+001   -2.19152854511971e+001
-4.41114616193480e+001   -2.24730334122599e+001
-4.35541535226078e+001   -2.29886871875822e+001
-4.29652996845426e+001   -2.34517232307288e+001
-4.23449001051525e+001   -2.38831886345699e+001
-4.16824395373291e+001   -2.42515127598001e+001
-4.09989484752892e+001   -2.45777426992897e+001
-4.03049421661409e+001   -2.48829255459090e+001
-3.96004206098843e+001   -2.51775848460931e+001
-3.88958990536278e+001   -2.54511970534070e+001
-3.81808622502629e+001   -2.57037621678506e+001
-3.74553101997897e+001   -2.59352801894238e+001
-3.67297581493165e+001   -2.61141804788214e+001
-3.59831756046267e+001   -2.62509865824783e+001
-3.52365930599369e+001   -2.63562220468298e+001
-3.44794952681388e+001   -2.64404104183110e+001
-3.37329127234490e+001   -2.65140752433570e+001
-3.29863301787592e+001   -2.65982636148382e+001
-3.22292323869611e+001   -2.66719284398842e+001
-3.14721345951630e+001   -2.67140226256248e+001
-3.07150368033649e+001   -2.67140226256248e+001
-2.99579390115668e+001   -2.66193107077085e+001
-2.92218717139853e+001   -2.64298868718758e+001
-2.85173501577287e+001   -2.61562746645620e+001
-2.78233438485804e+001   -2.58616153643778e+001
-2.71083070452156e+001   -2.55985267034991e+001
-2.63722397476341e+001   -2.54091028676664e+001
-2.56256572029443e+001   -2.52828203104446e+001
-2.48790746582545e+001   -2.51986319389634e+001
-2.41219768664564e+001   -2.51460142067877e+001
-2.33543638275499e+001   -2.51670612996580e+001
-2.26182965299685e+001   -2.53354380426204e+001
-2.19873817034700e+001   -2.57037621678506e+001
-2.15352260778128e+001   -2.62720336753486e+001
-2.12828601472135e+001   -2.69771112865036e+001
-2.11566771819138e+001   -2.77348066298343e+001
-2.10830704521556e+001   -2.84925019731650e+001
-2.09989484752892e+001   -2.92396737700605e+001
-2.09358569926393e+001   -2.99868455669561e+001
-2.08727655099895e+001   -3.07550644567219e+001
-2.07676130389064e+001   -3.15232833464878e+001
-2.05047318611987e+001   -3.22178374112076e+001
-2.00315457413249e+001   -3.27650618258353e+001
-1.94006309148265e+001   -3.30071033938437e+001
-1.87802313354364e+001   -3.28071560115759e+001
-1.83596214511041e+001   -3.22178374112076e+001
-1.81072555205047e+001   -3.14601420678769e+001
-1.77812828601472e+001   -3.08076821888977e+001
-1.72134595162986e+001   -3.04393580636675e+001
-1.64879074658254e+001   -3.04288345172323e+001
-1.57623554153523e+001   -3.06813996316759e+001
-1.50683491062040e+001   -3.10392002104709e+001
-1.43848580441640e+001   -3.13759536963957e+001
-1.36803364879075e+001   -3.16495659037096e+001
-1.29547844374343e+001   -3.18810839252828e+001
-1.22292323869611e+001   -3.20915548539858e+001
-1.14931650893796e+001   -3.22704551433833e+001
-1.07570977917981e+001   -3.24598789792160e+001
-1.00210304942166e+001   -3.26598263614838e+001
-9.29547844374343e+000   -3.28913443830571e+001
-8.58044164037855e+000   -3.31333859510655e+001
-7.86540483701367e+000   -3.33859510655091e+001
-7.15036803364879e+000   -3.36385161799526e+001
-6.43533123028391e+000   -3.38805577479611e+001
-5.70977917981072e+000   -3.41015522230992e+001
-4.98422712933754e+000   -3.43014996053670e+001
-4.24815983175604e+000   -3.44698763483294e+001
-3.50157728706625e+000   -3.45540647198106e+001
-2.74447949526814e+000   -3.45119705340700e+001
-2.00841219768664e+000   -3.43435937911076e+001
-1.30389064143007e+000   -3.40805051302289e+001
-6.09884332281808e-001   -3.37858458300447e+001
 1.05152471083066e-001   -3.35227571691660e+001
 8.41219768664558e-001   -3.33543804262036e+001
 1.59831756046267e+000   -3.33122862404630e+001
 2.35541535226078e+000   -3.33438568797685e+001
 3.10199789695058e+000   -3.34069981583794e+001
 3.85909568874869e+000   -3.34490923441200e+001
 4.61619348054680e+000   -3.34701394369903e+001
 5.37329127234490e+000   -3.34490923441200e+001
 6.13038906414301e+000   -3.33543804262036e+001
 6.86645636172450e+000   -3.31649565903710e+001
 7.57097791798108e+000   -3.28913443830571e+001
 8.27549947423764e+000   -3.25861615364378e+001
 8.95899053627760e+000   -3.22599315969482e+001
 9.65299684542587e+000   -3.19757958431992e+001
 1.03785488958991e+001   -3.17442778216259e+001
 1.11146161934806e+001   -3.15653775322284e+001
 1.18611987381703e+001   -3.14285714285714e+001
 1.26077812828601e+001   -3.13128124177848e+001
 1.33543638275499e+001   -3.11970534069982e+001
 1.41009463722397e+001   -3.10497237569061e+001
 1.48264984227129e+001   -3.08602999210734e+001
 1.55310199789695e+001   -3.06182583530650e+001
 1.62355415352261e+001   -3.03656932386214e+001
 1.69610935856993e+001   -3.01341752170481e+001
 1.76971608832808e+001   -2.99552749276506e+001
 1.84437434279706e+001   -2.98500394632991e+001
 1.92008412197687e+001   -2.98079452775585e+001
 1.99579390115668e+001   -2.98184688239937e+001
 2.07150368033649e+001   -2.98289923704288e+001
 2.14721345951630e+001   -2.98395159168640e+001
 2.22292323869611e+001   -2.98289923704288e+001
 2.29863301787592e+001   -2.97868981846882e+001
 2.37434279705573e+001   -2.97027098132071e+001
 2.44900105152471e+001   -2.95974743488556e+001
 2.52365930599369e+001   -2.94606682451986e+001
 2.59726603575184e+001   -2.93028150486714e+001
 2.67087276550999e+001   -2.91028676664036e+001
 2.74342797055731e+001   -2.88818731912655e+001
 2.81493165089380e+001   -2.86398316232570e+001
 2.88748685594111e+001   -2.84188371481189e+001
 2.96004206098843e+001   -2.82188897658511e+001
 3.03364879074658e+001   -2.80610365693239e+001
 3.10830704521556e+001   -2.79558011049724e+001
 3.18401682439537e+001   -2.78926598263615e+001
 3.25972660357518e+001   -2.78295185477506e+001
 3.33333333333333e+001   -2.76821888976585e+001
 3.40168243953733e+001   -2.73875295974743e+001
 3.46056782334385e+001   -2.69350171007630e+001
 3.50998948475289e+001   -2.63562220468298e+001
 3.55415352260778e+001   -2.57248092607209e+001
 3.59726603575184e+001   -2.50933964746119e+001
 3.64248159831756e+001   -2.44725072349382e+001
 3.69085173501577e+001   -2.38937121810050e+001
 3.74342797055731e+001   -2.33464877663773e+001
 3.79705573080967e+001   -2.28203104446198e+001
 3.85383806519453e+001   -2.23257037621678e+001
 3.91272344900105e+001   -2.18521441725862e+001
 3.97266035751840e+001   -2.13785845830045e+001
 4.03259726603575e+001   -2.09050249934228e+001
 4.09043112513144e+001   -2.04104183109708e+001
 4.14405888538381e+001   -1.98737174427782e+001
 4.19032597266036e+001   -1.92738752959747e+001
 4.22187171398528e+001   -1.86003683241252e+001
 4.23343848580442e+001   -1.78637200736648e+001
 4.22502628811777e+001   -1.71165482767693e+001
 4.19873817034700e+001   -1.64009471191792e+001
 4.16614090431125e+001   -1.57169166008945e+001
 4.13774973711882e+001   -1.50118389897395e+001
 4.11882229232387e+001   -1.42751907392791e+001
 4.11146161934805e+001   -1.35280189423836e+001
 4.11882229232387e+001   -1.27703235990529e+001
 4.14090431125131e+001   -1.20441988950276e+001
 4.17245005257624e+001   -1.13496448303078e+001
 4.20820189274448e+001   -1.06866614048934e+001
 4.24500525762355e+001   -1.00236779794791e+001
 4.28075709779180e+001   -9.35017100762957e+000
 4.31440588853838e+001   -8.66614048934491e+000
 4.34700315457413e+001   -7.98210997106025e+000
 4.37434279705573e+001   -7.27703235990528e+000
 4.39642481598318e+001   -6.55090765588003e+000
 4.41324921135647e+001   -5.81425940541963e+000
 4.42481598317560e+001   -5.06708760852407e+000
 4.43217665615142e+001   -4.31991581162852e+000
 4.43427970557308e+001   -3.56222046829782e+000
 4.43427970557308e+001   -2.80452512496711e+000
 4.43533123028391e+001   -2.04682978163641e+000
 4.43953732912724e+001   -1.28913443830571e+000
 4.44794952681388e+001   -5.31439094975006e-001
 4.45951629863302e+001    2.15732701920544e-001
 4.47213459516299e+001    9.62904498816101e-001
 4.47949526813880e+001    1.71007629571165e+000
 4.47949526813880e+001    2.46777163904235e+000
 4.47003154574132e+001    3.21494343593791e+000
 4.45320715036803e+001    3.95159168639832e+000
 4.43112513144059e+001    4.67771639042357e+000
 4.40694006309148e+001    5.39331754801368e+000
 4.37854889589905e+001    6.09839515916863e+000
 4.34279705573081e+001    6.77190213101815e+000
 4.29758149316509e+001    7.37174427782162e+000
 4.24605678233439e+001    7.90844514601420e+000
 4.19137749737119e+001    8.43462246777163e+000
 4.13985278654048e+001    8.99237042883452e+000
 4.09568874868559e+001    9.60273612207314e+000
 4.06414300736067e+001    1.02867666403578e+001
 4.04731861198738e+001    1.10234148908182e+001
 4.04521556256572e+001    1.17811102341489e+001
 4.05362776025237e+001    1.25282820310445e+001
 4.06414300736067e+001    1.32754538279400e+001
 4.07045215562566e+001    1.40226256248356e+001
 4.06624605678233e+001    1.47803209681663e+001
 4.04942166140904e+001    1.55169692186267e+001
 3.87066246056782e+001    2.20626151012891e+001
 