 5.53101997896950e+000    7.09813207050776e+000
 4.87907465825447e+000    7.48750328860827e+000
 4.13249211356467e+000    7.58221520652461e+000
 3.38590956887487e+000    7.45593264930281e+000
 2.68138801261830e+000    7.18232044198895e+000
 2.03995793901157e+000    6.79294922388846e+000
 1.45110410094637e+000    6.31938963430676e+000
 9.04311251314411e-001    5.79321231254933e+000
 4.10094637223970e-001    5.21441725861615e+000
-4.20609884332350e-002    4.59352801894239e+000
-4.20609884332286e-001    3.92002104709287e+000
-6.41430073606728e-001    3.18337279663246e+000
-5.67823343848573e-001    2.44672454617206e+000
-1.57728706624603e-001    1.89950013154434e+000
 4.94216614090433e-001    1.63641147066561e+000
 1.24079915878023e+000    1.64693501710077e+000
 1.98738170347004e+000    1.82583530649830e+000
 2.71293375394322e+000    2.08892396737701e+000
 3.41745531019979e+000    2.40463036043147e+000
 4.09043112513144e+000    2.76243093922652e+000
 4.70031545741325e+000    3.20441988950276e+000
 5.23659305993691e+000    3.74112075769534e+000
 5.67823343848580e+000    4.34096290449882e+000
 5.99369085173502e+000    5.02499342278348e+000
 6.10935856992639e+000    5.77216521967904e+000
 5.95162986330179e+000    6.50881347013944e+000
 5.53101997896950e+000    7.09813207050776e+000
 