-1.58044164037855e+001   -1.75217048145225e+000
-1.63722397476341e+001   -7.10339384372531e-001
-1.67507886435331e+001   -4.73559589581711e-002
-1.74132492113565e+001    5.20915548539861e-001
-1.82649842271293e+001    8.05051302288867e-001
-1.91167192429022e+001    5.20915548539861e-001
-1.96845425867508e+001    2.36779794790849e-001
-1.98738170347003e+001   -3.31491712707184e-001
-1.99684542586751e+001   -1.08918705603789e+000
-1.97791798107256e+001   -1.75217048145225e+000
-1.92113564668770e+001   -2.41515390686661e+000
-1.86435331230284e+001   -3.26756116811366e+000
-1.81703470031546e+001   -4.11996842936070e+000
-1.77917981072555e+001   -4.97237569060773e+000
-1.72239747634069e+001   -5.73007103393844e+000
-1.66561514195584e+001   -6.20363062352013e+000
-1.59936908517350e+001   -6.48776637726914e+000
-1.51419558359622e+001   -6.39305445935280e+000
-1.45741324921136e+001   -6.20363062352013e+000
-1.41009463722397e+001   -5.73007103393844e+000
-1.37960042060988e+001   -4.68823993685872e+000
-1.43848580441640e+001   -3.64640883977900e+000
-1.49526813880126e+001   -2.98342541436464e+000
-1.54574132492114e+001   -2.42567745330176e+000
-1.58044164037855e+001   -1.75217048145225e+000
