 3.82754994742376e+001    7.90844514601420e+000
 3.81808622502629e+001    8.65561694290976e+000
 3.81282860147213e+001    9.41331228624047e+000
 3.80967402733964e+001    1.01710076295712e+001
 3.80967402733964e+001    1.09287029729019e+001
 3.81282860147213e+001    1.16863983162326e+001
 3.81703470031546e+001    1.24440936595633e+001
 3.81913774973712e+001    1.32017890028940e+001
 3.81598317560463e+001    1.39594843462247e+001
 3.80651945320715e+001    1.47171796895554e+001
 3.79179810725552e+001    1.54538279400158e+001
 3.77287066246057e+001    1.61904761904762e+001
 3.75184016824395e+001    1.69166008945015e+001
 3.72975814931651e+001    1.76427255985267e+001
 3.70347003154574e+001    1.83478032096817e+001
 3.67507886435331e+001    1.90528808208366e+001
 3.64563617245005e+001    1.97579584319916e+001
 3.61409043112513e+001    2.04525124967114e+001
 3.58254468980021e+001    2.11365430149961e+001
 3.54889589905363e+001    2.18100499868456e+001
 3.51419558359622e+001    2.24835569586951e+001
 3.47949526813880e+001    2.31570639305446e+001
 3.44374342797056e+001    2.38200473559590e+001
 3.40273396424816e+001    2.44619836885030e+001
 3.35331230283912e+001    2.50407787424362e+001
 3.29652996845426e+001    2.55459089713233e+001
 3.23343848580442e+001    2.59563272822941e+001
 3.16298633017876e+001    2.62509865824783e+001
 3.08937960042061e+001    2.64404104183110e+001
 3.01472134595163e+001    2.65772165219679e+001
 2.94006309148265e+001    2.67245461720600e+001
 2.86750788643533e+001    2.69455406471981e+001
 2.80126182965300e+001    2.72928176795580e+001
 2.74237644584648e+001    2.77663772691397e+001
 2.69190325972660e+001    2.83451723230729e+001
 2.65089379600421e+001    2.89765851091818e+001
 2.61619348054679e+001    2.96500920810313e+001
 2.58569926393270e+001    3.03446461457511e+001
 2.55310199789695e+001    3.10286766640358e+001
 2.51629863301788e+001    3.16811365430150e+001
 2.47423764458465e+001    3.23020257826888e+001
 2.42481598317560e+001    3.28808208366219e+001
 2.37118822292324e+001    3.34175217048145e+001
 2.31230283911672e+001    3.39016048408314e+001
 2.25236593059937e+001    3.43646408839779e+001
 2.19242902208202e+001    3.48171533806893e+001
 2.13038906414301e+001    3.52591423309655e+001
 2.06519453207150e+001    3.56379900026309e+001
 1.99474237644585e+001    3.58905551170745e+001
 1.92008412197687e+001    3.59957905814259e+001
 1.84437434279706e+001    3.59747434885556e+001
 1.76971608832808e+001    3.58905551170745e+001
 1.69400630914826e+001    3.58274138384636e+001
 1.61829652996845e+001    3.57958431991581e+001
 1.54258675078864e+001    3.57958431991581e+001
 1.46687697160883e+001    3.58063667455933e+001
 1.39116719242902e+001    3.58168902920284e+001
 1.31545741324921e+001    3.57853196527230e+001
 1.24079915878023e+001    3.56906077348066e+001
 1.16719242902208e+001    3.55222309918443e+001
 1.09358569926393e+001    3.53222836095764e+001
 1.02103049421661e+001    3.51223362273086e+001
 9.47423764458465e+000    3.49223888450408e+001
 8.73817034700316e+000    3.47329650092081e+001
 8.00210304942166e+000    3.45645882662457e+001
 7.26603575184016e+000    3.43962115232834e+001
 6.52996845425867e+000    3.41962641410155e+001
 5.80441640378549e+000    3.39752696658774e+001
 5.08937960042061e+000    3.37121810049987e+001
 4.38485804416403e+000    3.34385687976848e+001
 3.65930599369085e+000    3.31965272296764e+001
 2.92323869610936e+000    3.30386740331492e+001
 2.17665615141956e+000    3.29860563009734e+001
 1.41955835962145e+000    3.30176269402789e+001
 6.62460567823345e-001    3.30807682188898e+001
-9.46372239747646e-002    3.31018153117601e+001
-8.41219768664565e-001    3.30597211260195e+001
-1.58780231335436e+000    3.29439621152328e+001
-2.32386961093585e+000    3.27755853722705e+001
-3.05993690851734e+000    3.26072086293081e+001
-3.80651945320715e+000    3.24914496185214e+001
-4.56361724500525e+000    3.24809260720863e+001
-5.31019978969506e+000    3.25861615364378e+001
-6.03575184016823e+000    3.27966324651407e+001
-6.74027339642481e+000    3.30702446724546e+001
-7.44479495268138e+000    3.33649039726388e+001
-8.13880126182966e+000    3.36700868192581e+001
-8.84332281808622e+000    3.39542225730071e+001
-9.55835962145110e+000    3.42383583267561e+001
-1.02628811777077e+001    3.44909234411997e+001
-1.09884332281809e+001    3.47224414627729e+001
-1.17245005257624e+001    3.49118652986056e+001
-1.24710830704522e+001    3.50276243093923e+001
-1.32281808622503e+001    3.50486714022626e+001
-1.39747634069401e+001    3.49539594843462e+001
-1.47003154574133e+001    3.47329650092081e+001
-1.53627760252366e+001    3.43751644304131e+001
-1.59621451104101e+001    3.39226519337017e+001
-1.65089379600421e+001    3.34175217048145e+001
-1.70662460567823e+001    3.29018679294922e+001
-1.76550998948475e+001    3.24072612470403e+001
-1.82544689800210e+001    3.19547487503289e+001
-1.88958990536278e+001    3.15443304393581e+001
-1.95583596214511e+001    3.11760063141279e+001
-2.02418506834911e+001    3.08497763746383e+001
-2.09463722397476e+001    3.05866877137595e+001
-2.16719242902208e+001    3.03656932386214e+001
-2.23869610935857e+001    3.01131281241778e+001
-2.30809674027340e+001    2.97974217311234e+001
-2.37223974763407e+001    2.93975269665877e+001
-2.43217665615142e+001    2.89450144698764e+001
-2.48895899053628e+001    2.84398842409892e+001
-2.54153522607781e+001    2.78926598263615e+001
-2.58675078864353e+001    2.72822941331229e+001
-2.62565720294427e+001    2.66298342541436e+001
-2.65509989484753e+001    2.59352801894238e+001
-2.67718191377497e+001    2.51986319389634e+001
-2.69505783385910e+001    2.44619836885030e+001
-2.71503680336488e+001    2.37253354380426e+001
-2.74237644584648e+001    2.30202578268877e+001
-2.77917981072555e+001    2.23677979479085e+001
-2.82544689800210e+001    2.17679558011050e+001
-2.87802313354364e+001    2.12207313864772e+001
-2.93375394321767e+001    2.07050776111550e+001
-2.99158780231335e+001    2.02104709287030e+001
-3.05047318611987e+001    1.97263877926861e+001
-3.11041009463722e+001    1.92633517495396e+001
-3.17245005257624e+001    1.88318863456985e+001
-3.23659305993691e+001    1.84319915811628e+001
-3.30389064143007e+001    1.80741910023678e+001
-3.37118822292324e+001    1.77163904235727e+001
-3.43638275499474e+001    1.73270192054722e+001
-3.49737118822292e+001    1.68745067087608e+001
-3.55099894847529e+001    1.63378058405683e+001
-3.59726603575184e+001    1.57379636937648e+001
-3.63512092534175e+001    1.50749802683504e+001
-3.66666666666667e+001    1.43909497500658e+001
-3.69926393270242e+001    1.36963956853460e+001
-3.73606729758149e+001    1.30334122599316e+001
-3.77602523659306e+001    1.23914759273875e+001
-3.81598317560463e+001    1.17495395948435e+001
-3.84858044164038e+001    1.10760326229939e+001
-3.86855941114616e+001    1.03604314654038e+001
-3.87697160883281e+001    9.60273612207314e+000
-3.88012618296530e+001    8.84504077874244e+000
-3.88643533123028e+001    8.08734543541173e+000
-3.90115667718191e+001    7.34017363851618e+000
-3.92639327024185e+001    6.62457248092606e+000
-3.96004206098843e+001    5.94054196264140e+000
-3.99474237644585e+001    5.26703499079190e+000
-4.02208201892744e+001    4.56195737963694e+000
-4.03785488958991e+001    3.82530912917653e+000
-4.03890641430074e+001    3.07813733228098e+000
-4.02839116719243e+001    2.33096553538543e+000
-4.00946372239748e+001    1.59431728492503e+000
-3.98843322818086e+001    8.68192580899759e-001
-3.96950578338591e+001    1.21020784004202e-001
-3.96319663512093e+001   -6.36674559326494e-001
-3.97686645636173e+001   -1.35227571691660e+000
-4.01366982124080e+001   -1.98368850302552e+000
-4.06309148264984e+001   -2.56248355695869e+000
-4.11461619348055e+001   -3.14127861089187e+000
-4.15352260778128e+001   -3.77269139700079e+000
-4.17350157728707e+001   -4.47776900815575e+000
-4.17560462670873e+001   -5.22494080505130e+000
-4.17034700315457e+001   -5.98263614838201e+000
-4.16824395373291e+001   -6.74033149171271e+000
-4.17455310199790e+001   -7.49802683504340e+000
-4.19137749737119e+001   -8.23467508550382e+000
-4.21556256572029e+001   -8.95027624309392e+000
-4.24290220820189e+001   -9.66587740068403e+000
-4.26919032597266e+001   -1.03814785582741e+001
-4.29127234490010e+001   -1.10970797158642e+001
-4.30389064143007e+001   -1.18442515127598e+001
-4.30599369085173e+001   -1.26019468560905e+001
-4.30073606729758e+001   -1.33596421994212e+001
-4.28811777076761e+001   -1.41068139963168e+001
-4.27129337539432e+001   -1.48434622467772e+001
-4.24921135646688e+001   -1.55695869508024e+001
-4.22502628811777e+001   -1.62851881083925e+001
-4.20399579390116e+001   -1.70218363588529e+001
-4.18822292323870e+001   -1.77584846093133e+001
-4.17560462670873e+001   -1.85056564062089e+001
-4.16403785488959e+001   -1.92528282031045e+001
-4.15036803364879e+001   -2.00000000000000e+001
-4.13038906414301e+001   -2.07366482504604e+001
-4.09779179810726e+001   -2.14101552223099e+001
-4.05152471083071e+001   -2.19994738226782e+001
-3.99474237644585e+001   -2.24835569586951e+001
-3.93059936908517e+001   -2.28834517232307e+001
-3.86225026288118e+001   -2.32202052091555e+001
-3.79179810725552e+001   -2.35043409629045e+001
-3.72029442691903e+001   -2.37569060773481e+001
-3.64773922187171e+001   -2.39989476453565e+001
-3.57518401682439e+001   -2.41988950276243e+001
-3.50157728706625e+001   -2.43777953170218e+001
-3.42691903259727e+001   -2.45146014206788e+001
-3.35120925341745e+001   -2.46093133385951e+001
-3.27549947423765e+001   -2.46198368850303e+001
-3.20084121976866e+001   -2.45461720599842e+001
-3.12618296529969e+001   -2.44198895027624e+001
-3.05257623554154e+001   -2.42515127598001e+001
-2.97896950578339e+001   -2.40515653775322e+001
-2.90641430073607e+001   -2.38516179952644e+001
-2.83280757097792e+001   -2.36621941594317e+001
-2.75920084121977e+001   -2.35043409629045e+001
-2.68454258675079e+001   -2.33570113128124e+001
-2.61093585699264e+001   -2.31991581162852e+001
-2.53732912723449e+001   -2.30202578268877e+001
-2.46477392218717e+001   -2.28203104446198e+001
-2.39221871713985e+001   -2.25887924230466e+001
-2.32071503680337e+001   -2.23572744014733e+001
-2.24815983175605e+001   -2.21573270192055e+001
-2.17350157728707e+001   -2.20205209155485e+001
-2.09779179810726e+001   -2.19889502762431e+001
-2.02313354363828e+001   -2.20836621941594e+001
-1.94952681388013e+001   -2.22730860299921e+001
-1.87907465825447e+001   -2.25361746908708e+001
-1.80967402733964e+001   -2.28624046303604e+001
-1.74342797055731e+001   -2.32307287555906e+001
-1.67718191377497e+001   -2.36095764272560e+001
-1.60988433228181e+001   -2.39568534596159e+001
-1.54048370136698e+001   -2.42515127598001e+001
-1.46792849631966e+001   -2.44830307813733e+001
-1.39537329127235e+001   -2.46935017100763e+001
-1.32176656151420e+001   -2.48724019994738e+001
-1.24710830704522e+001   -2.50302551960011e+001
-1.17455310199790e+001   -2.52302025782689e+001
-1.10304942166141e+001   -2.54827676927124e+001
-1.03364879074658e+001   -2.57879505393318e+001
-9.68454258675079e+000   -2.61773217574323e+001
-9.08517350157729e+000   -2.66508813470139e+001
-8.56992639327024e+000   -2.71981057616417e+001
-8.12828601472134e+000   -2.78084714548803e+001
-7.71819137749738e+000   -2.84398842409892e+001
-7.26603575184016e+000   -2.90502499342278e+001
-6.72975814931651e+000   -2.95764272559853e+001
-6.10935856992639e+000   -2.99973691133912e+001
-5.41535226077814e+000   -3.02920284135754e+001
-4.66876971608832e+000   -3.04393580636675e+001
-3.91167192429022e+000   -3.04604051565378e+001
-3.16508937960042e+000   -3.03762167850566e+001
-2.41850683491062e+000   -3.02394106813996e+001
-1.67192429022082e+000   -3.01131281241778e+001
-9.14826498422705e-001   -3.00499868455670e+001
-1.57728706624603e-001   -3.00605103920021e+001
 5.88853838065191e-001   -3.01236516706130e+001
 1.33543638275500e+000   -3.02288871349645e+001
 2.08201892744479e+000   -3.03656932386214e+001
 2.82860147213459e+000   -3.04709287029729e+001
 3.58569926393270e+000   -3.05235464351486e+001
 4.34279705573081e+000   -3.05024993422783e+001
 5.08937960042061e+000   -3.03551696921863e+001
 5.79390115667718e+000   -3.00710339384373e+001
 6.44584647739222e+000   -2.96921862667719e+001
 7.07676130389064e+000   -2.92712444093660e+001
 7.72870662460568e+000   -2.88923967377006e+001
 8.42271293375394e+000   -2.85977374375164e+001
 9.15878023133543e+000   -2.84083136016838e+001
 9.90536277602524e+000   -2.83030781373323e+001
 1.06519453207150e+001   -2.82083662194159e+001
 1.13985278654048e+001   -2.80820836621942e+001
 1.21345951629863e+001   -2.79242304656669e+001
 1.28706624605678e+001   -2.77558537227046e+001
 1.36067297581493e+001   -2.75664298868719e+001
 1.43427970557308e+001   -2.73875295974743e+001
 1.50893796004206e+001   -2.72296764009471e+001
 1.58254468980021e+001   -2.70928702972902e+001
 1.65720294426919e+001   -2.69771112865036e+001
 1.73186119873817e+001   -2.68823993685872e+001
 1.80651945320715e+001   -2.67982109971060e+001
 1.88117770767613e+001   -2.67034990791897e+001
 1.95583596214511e+001   -2.65772165219679e+001
 2.02944269190326e+001   -2.63877926861352e+001
 2.09989484752892e+001   -2.61247040252565e+001
 2.16719242902208e+001   -2.57774269928966e+001
 2.23238696109359e+001   -2.53880557747961e+001
 2.29968454258675e+001   -2.50618258353065e+001
 2.37118822292324e+001   -2.48197842672981e+001
 2.44584647739222e+001   -2.46514075243357e+001
 2.52050473186120e+001   -2.45040778742436e+001
 2.59411146161935e+001   -2.43251775848461e+001
 2.66666666666667e+001   -2.41041831097080e+001
 2.73817034700315e+001   -2.38831886345699e+001
 2.81177707676130e+001   -2.36937647987372e+001
 2.88643533123028e+001   -2.35885293343857e+001
 2.96214511041009e+001   -2.35674822415154e+001
 3.03785488958991e+001   -2.36095764272560e+001
 3.11251314405889e+001   -2.36727177058669e+001
 3.18822292323870e+001   -2.36727177058669e+001
 3.26288117770768e+001   -2.35569586950802e+001
 3.33438485804416e+001   -2.33149171270718e+001
 3.40063091482650e+001   -2.29465930018416e+001
 3.45951629863302e+001   -2.24730334122599e+001
 3.51209253417455e+001   -2.19363325440674e+001
 3.56151419558360e+001   -2.13680610365693e+001
 3.61093585699264e+001   -2.07997895290713e+001
 3.66140904311251e+001   -2.02420415680084e+001
 3.71188222923239e+001   -1.96737700605104e+001
 3.76025236593060e+001   -1.90844514601421e+001
 3.80021030494217e+001   -1.84530386740332e+001
 3.82334384858044e+001   -1.77479610628782e+001
 3.82754994742376e+001   -1.69902657195475e+001
 3.81703470031546e+001   -1.62430939226519e+001
 3.79705573080967e+001   -1.55169692186267e+001
 3.77707676130389e+001   -1.47908445146014e+001
 3.76130389064143e+001   -1.40541962641410e+001
 3.74973711882229e+001   -1.33070244672455e+001
 3.74447949526814e+001   -1.25598526703499e+001
 3.74658254468980e+001   -1.18021573270192e+001
 3.75604626708728e+001   -1.10444619836885e+001
 3.77181913774974e+001   -1.03078137332281e+001
 3.79179810725552e+001   -9.57116548276770e+000
 3.81388012618297e+001   -8.85556432517758e+000
 3.83806519453207e+001   -8.13996316758747e+000
 3.85909568874869e+001   -7.40331491712708e+000
 3.87381703470032e+001   -6.65614312023152e+000
 3.87276550998948e+001   -5.89844777690082e+000
 3.85278654048370e+001   -5.19337016574585e+000
 3.81598317560463e+001   -4.55143383320178e+000
 3.76866456361725e+001   -3.94106813996317e+000
 3.72555205047319e+001   -3.29913180741910e+000
 3.70347003154574e+001   -2.61510128913444e+000
 3.70767613038906e+001   -1.88897658510918e+000
 3.73080967402734e+001   -1.17337542751908e+000
 3.76025236593060e+001   -4.68297816364114e-001
 3.78654048370137e+001    2.47303341226001e-001
 3.80546792849632e+001    9.83951591686399e-001
 3.81598317560463e+001    1.73112338858196e+000
 3.81913774973712e+001    2.48881873191266e+000
 3.81808622502629e+001    3.24651407524336e+000
 3.81808622502629e+001    4.00420941857405e+000
 3.82018927444795e+001    4.76190476190476e+000
 3.82439537329127e+001    5.51960010523547e+000
 3.82754994742376e+001    6.27729544856616e+000
 3.82754994742376e+001    7.03499079189687e+000
 3.82754994742376e+001    7.79268613522757e+000
 3.82860147213460e+001    7.15074980268351e+000
 3.82754994742376e+001    7.90844514601420e+000
 