 9.74763406940063e+000   -4.78295185477506e+000
 9.46372239747634e+000   -4.49881610102605e+000
 9.17981072555205e+000   -4.30939226519337e+000
 8.51735015772871e+000   -3.83583267561168e+000
 7.66561514195583e+000   -3.45698500394633e+000
 6.71924290220820e+000   -3.17284925019732e+000
 5.58359621451104e+000   -3.07813733228098e+000
 4.63722397476340e+000   -3.26756116811366e+000
 3.88012618296530e+000   -3.93054459352802e+000
 3.31230283911672e+000   -4.68823993685872e+000
 2.83911671924290e+000   -5.82478295185477e+000
 2.74447949526814e+000   -6.86661404893449e+000
 2.74447949526814e+000   -7.81373322809787e+000
 3.21766561514195e+000   -8.66614048934491e+000
 4.06940063091483e+000   -9.04498816101026e+000
 4.82649842271294e+000   -9.32912391475927e+000
 5.86750788643533e+000   -9.32912391475927e+000
 7.00315457413249e+000   -9.23441199684294e+000
 7.57097791798108e+000   -9.04498816101026e+000
 8.32807570977918e+000   -8.57142857142858e+000
 8.89589905362776e+000   -8.19258089976322e+000
 9.55835962145110e+000   -7.43488555643252e+000
 9.84227129337539e+000   -6.77190213101815e+000
 1.01261829652997e+001   -5.91949486977111e+000
 1.00315457413249e+001   -5.35122336227309e+000
 9.74763406940063e+000   -4.78295185477506e+000
