 3.33543638275499e+001    1.13128124177848e+000
 3.31019978969506e+001    4.15680084188367e-001
 3.28706624605678e+001   -2.99921073401734e-001
 3.26603575184017e+001   -1.02604577742699e+000
 3.24395373291272e+001   -1.75217048145225e+000
 3.22187171398528e+001   -2.46777163904235e+000
 3.20399579390116e+001   -3.20441988950276e+000
 3.19242902208202e+001   -3.95159168639832e+000
 3.18927444794953e+001   -4.70928702972902e+000
 3.19558359621451e+001   -5.45645882662457e+000
 3.21135646687697e+001   -6.20363062352013e+000
 3.23133543638276e+001   -6.92975532754539e+000
 3.25131440588854e+001   -7.65588003157064e+000
 3.26708727655100e+001   -8.40305182846619e+000
 3.27655099894848e+001   -9.15022362536175e+000
 3.28286014721346e+001   -9.90791896869245e+000
 3.28706624605678e+001   -1.06550907655880e+001
 3.28706624605678e+001   -1.14127861089187e+001
 3.28391167192429e+001   -1.21704814522494e+001
 3.27549947423764e+001   -1.29281767955801e+001
 3.25972660357518e+001   -1.36648250460405e+001
 3.23554153522608e+001   -1.43804262036306e+001
 3.19978969505783e+001   -1.50539331754801e+001
 3.15352260778128e+001   -1.56537753222836e+001
 3.09674027339642e+001   -1.61483820047356e+001
 3.03154574132492e+001   -1.65272296764010e+001
 2.96214511041009e+001   -1.68218889765851e+001
 2.88958990536278e+001   -1.70428834517232e+001
 2.81598317560463e+001   -1.72112601946856e+001
 2.74132492113565e+001   -1.73691133912128e+001
 2.66771819137750e+001   -1.75585372270455e+001
 2.59516298633018e+001   -1.77795317021836e+001
 2.52260778128286e+001   -1.80005261773218e+001
 2.45005257623554e+001   -1.82215206524599e+001
 2.37749737118822e+001   -1.84319915811629e+001
 2.30389064143007e+001   -1.86214154169955e+001
 2.22923238696109e+001   -1.87687450670876e+001
 2.15352260778128e+001   -1.88739805314391e+001
 2.07886435331230e+001   -1.89581689029203e+001
 2.00420609884332e+001   -1.90423572744015e+001
 1.92849631966351e+001   -1.91265456458827e+001
 1.85383806519453e+001   -1.92423046566693e+001
 1.78023133543638e+001   -1.94422520389371e+001
 1.70977917981073e+001   -1.97369113391213e+001
 1.64563617245005e+001   -2.01262825572218e+001
 1.58675078864353e+001   -2.06103656932386e+001
 1.53207150368034e+001   -2.11365430149961e+001
 1.47739221871714e+001   -2.16627203367535e+001
 1.41850683491062e+001   -2.21362799263352e+001
 1.35226077812829e+001   -2.24940805051302e+001
 1.28075709779180e+001   -2.27255985267035e+001
 1.20609884332282e+001   -2.28518810839253e+001
 1.13038906414301e+001   -2.28939752696659e+001
 1.05467928496320e+001   -2.28729281767956e+001
 9.78969505783385e+000   -2.28097868981847e+001
 9.04311251314406e+000   -2.27255985267035e+001
 8.29652996845426e+000   -2.26519337016575e+001
 7.53943217665615e+000   -2.25887924230466e+001
 6.78233438485804e+000   -2.25151275980005e+001
 6.03575184016825e+000   -2.24625098658248e+001
 5.27865404837014e+000   -2.24414627729545e+001
 4.52155625657203e+000   -2.24625098658248e+001
 3.77497371188223e+000   -2.25572217837411e+001
 3.03890641430073e+000   -2.27571691660089e+001
 2.33438485804416e+000   -2.30413049197580e+001
 1.66140904311251e+000   -2.33780584056827e+001
 1.00946372239748e+000   -2.37569060773481e+001
 3.47003154574132e-001   -2.41252302025783e+001
-3.36487907465816e-001   -2.44409365956327e+001
-1.06203995793901e+000   -2.46408839779006e+001
-1.81913774973712e+000   -2.47040252565114e+001
-2.56572029442692e+000   -2.46198368850303e+001
-3.30178759200842e+000   -2.44198895027624e+001
-4.00630914826499e+000   -2.41252302025783e+001
-4.66876971608832e+000   -2.37463825309129e+001
-5.28916929547844e+000   -2.33149171270718e+001
-5.87802313354364e+000   -2.28518810839253e+001
-6.48790746582544e+000   -2.23993685872139e+001
-7.12933753943217e+000   -2.19994738226782e+001
-7.80231335436382e+000   -2.16521967903183e+001
-8.50683491062040e+000   -2.13785845830045e+001
-9.24290220820188e+000   -2.11786372007366e+001
-9.97896950578338e+000   -2.09997369113391e+001
-1.07150368033649e+001   -2.08208366219416e+001
-1.14511041009464e+001   -2.06314127861089e+001
-1.21871713985279e+001   -2.04209418574059e+001
-1.29022082018927e+001   -2.01894238358327e+001
-1.36277602523659e+001   -1.99684293606946e+001
-1.43638275499474e+001   -1.97474348855564e+001
-1.50998948475289e+001   -1.95474875032886e+001
-1.58359621451104e+001   -1.93685872138911e+001
-1.65720294426919e+001   -1.92212575637990e+001
-1.73186119873817e+001   -1.91160220994475e+001
-1.80651945320715e+001   -1.90318337279663e+001
-1.88222923238696e+001   -1.89686924493554e+001
-1.95793901156677e+001   -1.89055511707445e+001
-2.03364879074658e+001   -1.88739805314391e+001
-2.10935856992639e+001   -1.88845040778742e+001
-2.18506834910620e+001   -1.89476453564851e+001
-2.25972660357518e+001   -1.90634043672718e+001
-2.33333333333333e+001   -1.92317811102341e+001
-2.40588853838065e+001   -1.94632991318074e+001
-2.47528916929548e+001   -1.97474348855564e+001
-2.54363827549948e+001   -2.00631412786109e+001
-2.61409043112513e+001   -2.03472770323599e+001
-2.68664563617245e+001   -2.05893186003683e+001
-2.76025236593060e+001   -2.07892659826362e+001
-2.83491062039958e+001   -2.09365956327282e+001
-2.90956887486856e+001   -2.10207840042094e+001
-2.98527865404837e+001   -2.10839252828203e+001
-3.06098843322818e+001   -2.11470665614312e+001
-3.13669821240799e+001   -2.12102078400421e+001
-3.21240799158780e+001   -2.12312549329124e+001
-3.28811777076761e+001   -2.11786372007366e+001
-3.36277602523659e+001   -2.09997369113391e+001
-3.43007360672976e+001   -2.06419363325441e+001
-3.48159831756046e+001   -2.01157590107866e+001
-3.51209253417455e+001   -1.94422520389371e+001
-3.52471083070452e+001   -1.86950802420416e+001
-3.52365930599369e+001   -1.79373848987109e+001
-3.51735015772871e+001   -1.71902131018153e+001
-3.51104100946372e+001   -1.64325177584846e+001
-3.50893796004206e+001   -1.56748224151539e+001
-3.51629863301788e+001   -1.49276506182583e+001
-3.53627760252366e+001   -1.42015259142331e+001
-3.56677181913775e+001   -1.35174953959484e+001
-3.60357518401682e+001   -1.28545119705341e+001
-3.63827549947424e+001   -1.21810049986846e+001
-3.66456361724501e+001   -1.14759273875296e+001
-3.68138801261830e+001   -1.07392791370692e+001
-3.68769716088328e+001   -9.98158379373849e+000
-3.68559411146162e+001   -9.22388845040778e+000
-3.67402733964248e+001   -8.47671665351223e+000
-3.65509989484753e+001   -7.74006840305183e+000
-3.62986330178759e+001   -7.02446724546172e+000
-3.59936908517350e+001   -6.32991318074191e+000
-3.56466876971609e+001   -5.65640620889240e+000
-3.52471083070452e+001   -5.02499342278347e+000
-3.48264984227129e+001   -4.40410418310971e+000
-3.44058885383807e+001   -3.76216785056564e+000
-3.40063091482650e+001   -3.12023151802157e+000
-3.36277602523659e+001   -2.45724809260721e+000
-3.32386961093586e+001   -1.79426466719284e+000
-3.28496319663512e+001   -1.13128124177848e+000
-3.25446898002103e+001   -4.36727177058664e-001
-3.24605678233439e+001    2.68350434096284e-001
-3.26498422712934e+001    9.52380952380949e-001
-3.30283911671924e+001    1.62588792423046e+000
-3.33964248159832e+001    2.32044198895028e+000
-3.35856992639327e+001    3.03604314654038e+000
-3.35015772870663e+001    3.76216785056565e+000
-3.31966351209253e+001    4.44619836885029e+000
-3.27234490010515e+001    5.04604051565377e+000
-3.21661409043112e+001    5.55117074454091e+000
-3.15562565720294e+001    5.99315969481715e+000
-3.09358569926393e+001    6.41410155222310e+000
-3.03259726603575e+001    6.86661404893449e+000
-2.97476340694006e+001    7.35069718495133e+000
-2.92639327024185e+001    7.91896869244935e+000
-2.88748685594111e+001    8.56090502499342e+000
-2.85804416403785e+001    9.26598263614838e+000
-2.83280757097792e+001    9.99210734017363e+000
-2.80441640378549e+001    1.07077084977637e+001
-2.76656151419558e+001    1.13601683767430e+001
-2.71819137749737e+001    1.19179163378058e+001
-2.66035751840168e+001    1.24019994738227e+001
-2.59936908517350e+001    1.28545119705341e+001
-2.53838065194532e+001    1.33070244672455e+001
-2.48264984227129e+001    1.38226782425677e+001
-2.44058885383807e+001    1.44330439358064e+001
-2.41535226077813e+001    1.51381215469613e+001
-2.40588853838065e+001    1.58958168902920e+001
-2.40273396424816e+001    1.66535122336227e+001
-2.39537329127235e+001    1.74112075769534e+001
-2.37539432176656e+001    1.81268087345435e+001
-2.34069400630915e+001    1.87897921599579e+001
-2.29442691903260e+001    1.94001578531965e+001
-2.24079915878023e+001    1.99368587213891e+001
-2.18191377497371e+001    2.03998947645356e+001
-2.11882229232387e+001    2.08103130755064e+001
-2.05257623554154e+001    2.11786372007367e+001
-1.98422712933754e+001    2.14838200473559e+001
-1.91167192429022e+001    2.17153380689292e+001
-1.83806519453207e+001    2.19047619047619e+001
-1.76340694006309e+001    2.20520915548540e+001
-1.68874868559411e+001    2.21888976585109e+001
-1.61514195583596e+001    2.23467508550382e+001
-1.54363827549947e+001    2.25887924230466e+001
-1.47634069400631e+001    2.29255459089713e+001
-1.41535226077813e+001    2.33570113128124e+001
-1.35856992639327e+001    2.38621415416996e+001
-1.30389064143007e+001    2.43883188634570e+001
-1.24605678233439e+001    2.48724019994738e+001
-1.18296529968454e+001    2.52828203104446e+001
-1.11461619348055e+001    2.56090502499342e+001
-1.04416403785489e+001    2.58721389108130e+001
-9.71608832807571e+000    2.60720862930808e+001
-8.98002103049423e+000    2.62615101289134e+001
-8.24395373291273e+000    2.64614575111813e+001
-7.51840168243953e+000    2.66719284398842e+001
-6.78233438485805e+000    2.68613522757169e+001
-6.03575184016823e+000    2.70297290186793e+001
-5.29968454258675e+000    2.71665351223362e+001
-4.55310199789696e+000    2.72822941331229e+001
-3.80651945320715e+000    2.73875295974743e+001
-3.05993690851734e+000    2.74822415153907e+001
-2.31335436382756e+000    2.75769534333070e+001
-1.55625657202944e+000    2.76400947119179e+001
-7.99158780231338e-001    2.76716653512234e+001
-4.20609884332350e-002    2.76400947119179e+001
 7.04521556256573e-001    2.75559063404367e+001
 1.45110410094637e+000    2.74191002367798e+001
 2.18717139852787e+000    2.72822941331229e+001
 2.94426919032597e+000    2.72086293080768e+001
 3.71188222923239e+000    2.72507234938174e+001
 4.43743427970558e+000    2.74296237832150e+001
 5.09989484752892e+000    2.77663772691397e+001
 5.68874868559411e+000    2.82294133122862e+001
 6.22502628811777e+000    2.87661141804788e+001
 6.75078864353312e+000    2.93133385951066e+001
 7.30809674027339e+000    2.98184688239937e+001
 7.92849631966352e+000    3.02499342278348e+001
 8.62250262881177e+000    3.05656406208892e+001
 9.35856992639327e+000    3.07550644567219e+001
 1.01051524710831e+001    3.08602999210734e+001
 1.08622502628812e+001    3.08918705603788e+001
 1.16193480546793e+001    3.08602999210734e+001
 1.23764458464774e+001    3.08182057353328e+001
 1.31335436382755e+001    3.07971586424625e+001
 1.38906414300736e+001    3.07761115495922e+001
 1.46477392218717e+001    3.07340173638516e+001
 1.54048370136698e+001    3.06708760852407e+001
 1.61619348054679e+001    3.05866877137595e+001
 1.69085173501577e+001    3.04919757958432e+001
 1.76550998948475e+001    3.03656932386214e+001
 1.83911671924290e+001    3.01762694027887e+001
 1.91062039957939e+001    2.99237042883452e+001
 1.98002103049422e+001    2.96290449881610e+001
 2.04521556256572e+001    2.92607208629308e+001
 2.10725552050473e+001    2.88292554590897e+001
 2.16719242902208e+001    2.83662194159432e+001
 2.22607781282860e+001    2.78821362799263e+001
 2.28286014721346e+001    2.73770060510392e+001
 2.33753943217666e+001    2.68613522757169e+001
 2.39116719242902e+001    2.63351749539595e+001
 2.44374342797056e+001    2.57879505393318e+001
 2.49631966351209e+001    2.52512496711392e+001
 2.55099894847529e+001    2.47250723493817e+001
 2.60883280757098e+001    2.42304656669298e+001
 2.67087276550999e+001    2.37884767166535e+001
 2.73501577287066e+001    2.33991054985530e+001
 2.80336487907466e+001    2.30518284661931e+001
 2.87276550998948e+001    2.27361220731386e+001
 2.94321766561514e+001    2.24414627729545e+001
 3.01261829652997e+001    2.21257563799000e+001
 3.07886435331230e+001    2.17574322546698e+001
 3.14090431125131e+001    2.13259668508287e+001
 3.19768664563617e+001    2.08313601683767e+001
 3.24921135646688e+001    2.02736122073139e+001
 3.29442691903260e+001    1.96632465140752e+001
 3.33333333333333e+001    1.90107866350960e+001
 3.36593059936909e+001    1.83267561168114e+001
 3.39327024185068e+001    1.76216785056564e+001
 3.41745531019979e+001    1.68955538016312e+001
 3.43953732912724e+001    1.61799526440410e+001
 3.45951629863302e+001    1.54538279400158e+001
 3.47634069400631e+001    1.47066561431202e+001
 3.49001051524711e+001    1.39594843462247e+001
 3.49947423764458e+001    1.32017890028940e+001
 3.50157728706625e+001    1.24440936595633e+001
 3.49842271293375e+001    1.16863983162326e+001
 3.49211356466877e+001    1.09287029729019e+001
 3.48159831756046e+001    1.01815311760063e+001
 3.47108307045216e+001    9.43435937911076e+000
 3.46267087276551e+001    8.67666403578006e+000
 3.45636172450053e+001    7.91896869244935e+000
 3.45110410094637e+001    7.17179689555380e+000
 3.44584647739222e+001    6.41410155222310e+000
 3.43953732912724e+001    5.66692975532754e+000
 3.43112513144059e+001    4.91975795843199e+000
 3.41850683491062e+001    4.17258616153643e+000
 3.40063091482650e+001    3.43593791107603e+000
 3.38170347003155e+001    2.69928966061563e+000
 3.36172450052576e+001    1.97316495659037e+000
 3.33543638275499e+001    1.25756379900026e+000
 3.35751840168244e+001    1.85740594580373e+000
 3.33543638275499e+001    1.13128124177848e+000
 